0	[]
1	[]
2	[]
3	[16, 17, 18, 19, 20, 21, 22, 38, 39, 40, 41, 42]
4	[23, 24, 25, 26, 27, 28, 29, 30, 37, 38, 39, 40, 50, 51, 52, 53, 55, 56, 57, 58, 59, 60, 61, 62, 63]
5	[21, 22, 23, 24, 25]
6	[]
7	[]
8	[10, 11, 12, 13, 14, 15, 16]
9	[]
10	[]
11	[]
12	[]
13	[41]
14	[]
15	[]
16	[]
17	[]
18	[]
19	[]
20	[]
21	[]
22	[7, 8, 9, 10, 11]
23	[]
24	[]
25	[]
26	[111, 112, 113, 114]
27	[37, 38, 39, 40]
28	[]
29	[14, 15, 16]
30	[23, 24, 25, 26]
31	[]
32	[0, 1, 2, 3, 4, 9, 10, 11, 12, 21, 22, 23, 24, 25, 26, 32, 33, 34, 35, 36, 37, 44, 45, 46, 53, 54, 55, 56, 61, 62, 63, 64, 65, 66, 79, 80, 81, 82, 84, 85, 86, 87, 88]
33	[28, 30, 31, 32, 33, 34]
34	[53]
35	[]
36	[]
37	[]
38	[]
39	[39, 40, 41, 42, 43, 44, 45, 46]
40	[]
41	[0, 1, 2, 3, 4, 5, 42, 43, 44, 45]
42	[]
43	[]
44	[0, 1, 2, 3]
45	[12]
46	[]
47	[]
48	[]
49	[0, 1, 2, 3, 4, 5, 6]
50	[27, 28, 29, 30, 31, 32, 52, 53, 54, 55, 57, 58, 59, 60, 61]
51	[20, 21, 22, 23, 24, 40, 41, 42, 44, 45, 46]
52	[]
53	[]
54	[]
55	[]
56	[]
57	[]
58	[]
59	[]
60	[]
61	[]
62	[]
63	[9, 10, 11, 12, 13, 14, 15, 16, 17]
64	[]
65	[29, 30, 31]
66	[]
67	[22, 23, 24, 25, 26, 27]
68	[]
69	[54, 55, 56, 57, 58, 59, 60, 62, 63, 64, 65, 66]
70	[7, 8, 9, 10, 12, 13, 14, 15, 16, 18, 19, 20, 21, 22, 23, 24]
71	[]
72	[]
73	[47, 48, 49, 50, 51]
74	[]
75	[]
76	[]
77	[]
78	[]
79	[]
80	[]
81	[]
82	[0, 2, 3, 4, 5]
83	[27, 28, 29, 30, 32, 33, 34, 35, 36, 38, 39, 40, 41, 42, 43, 44, 45]
84	[]
85	[]
86	[]
87	[19, 20, 21, 22, 23, 24, 25]
88	[]
89	[30, 31, 32, 33, 34, 35]
90	[]
91	[]
92	[25, 26, 27, 28]
93	[]
94	[]
95	[]
96	[]
97	[]
98	[]
99	[]
100	[]
101	[]
102	[]
103	[44, 45, 46, 60, 61, 62, 63]
104	[]
105	[59, 60, 61, 62, 63, 64, 66, 67, 68]
106	[]
107	[]
108	[8, 9, 10, 11, 12]
109	[]
110	[]
111	[0, 1, 2, 3, 4, 5, 29, 30, 31, 32, 65, 66, 67, 68]
112	[]
113	[]
114	[0, 1, 2, 3, 4, 5, 6, 33]
115	[49, 50, 51, 52]
116	[5, 6, 7, 8, 9, 10, 11, 48, 49, 50, 51, 52, 53, 54, 62, 63, 64]
117	[4, 5, 6, 7]
118	[]
119	[]
120	[0, 1, 2]
121	[23, 24, 25, 26, 27, 28, 29, 30, 31, 32]
122	[28, 29, 30, 31, 32, 33]
123	[]
124	[]
125	[0]
126	[]
127	[]
128	[]
129	[117, 118, 119, 121, 122, 123, 124]
130	[]
131	[]
132	[]
133	[99, 100, 101, 102, 103, 105]
134	[]
135	[]
136	[10, 11, 12]
137	[]
138	[27, 28, 29, 30]
139	[]
140	[]
141	[]
142	[]
143	[35, 36, 37, 38, 40, 41, 42, 43, 44, 45]
144	[]
145	[]
146	[15, 16, 17, 18, 19]
147	[]
148	[]
149	[]
150	[16, 17, 18, 19]
151	[]
152	[5, 6, 7, 8]
153	[]
154	[]
155	[]
156	[]
157	[]
158	[4, 5, 6, 7, 8]
159	[13, 14, 15, 16, 17, 18, 19, 21, 22, 23, 24, 25, 26, 77, 78, 79, 80, 81, 82, 83, 84]
160	[]
161	[]
162	[]
163	[]
164	[]
165	[0, 1, 2, 3, 4, 5, 6, 7]
166	[]
167	[4, 5, 6, 8, 9, 10, 11]
168	[8, 9, 10, 12, 13]
169	[6, 7, 8, 9, 10, 11]
170	[]
171	[]
172	[7, 8, 9, 10, 11, 12, 13, 14]
173	[64, 65]
174	[15, 16, 17, 18, 19, 20, 21, 22, 23, 24, 25, 26, 27]
175	[]
176	[]
177	[]
178	[11, 12, 13]
179	[0, 1, 2, 3, 4, 5, 6, 7, 18, 19]
180	[]
181	[]
182	[]
183	[56, 57]
184	[]
185	[]
186	[]
187	[]
188	[23, 24, 25, 26]
189	[110, 111, 112]
190	[22, 23, 24, 25, 26, 27, 28, 29, 30, 31, 33, 34, 35, 36, 37, 47, 48, 49, 50, 51]
191	[]
192	[]
193	[30, 31, 32, 33]
194	[]
195	[]
196	[]
197	[]
198	[]
199	[]
200	[41, 42, 43, 44, 45]
201	[]
202	[]
203	[29, 30, 31]
204	[]
205	[]
206	[]
207	[]
208	[]
209	[]
210	[45, 46, 47, 48, 49, 50, 51, 52]
211	[93, 94, 95, 96]
212	[]
213	[]
214	[]
215	[]
216	[]
217	[]
218	[]
219	[]
220	[]
221	[]
222	[67, 68, 69, 70, 71, 72, 73, 74, 75, 76]
223	[]
224	[]
225	[]
226	[24, 25, 26, 29, 30, 31, 32, 33, 34, 35]
227	[]
228	[]
229	[]
230	[]
231	[]
232	[20, 21, 22, 23, 24]
233	[4]
234	[0, 1, 2, 3, 4, 5, 41, 42, 43, 44, 46, 47, 48, 49, 50]
235	[]
236	[]
237	[]
238	[]
239	[]
240	[0, 1, 2, 3, 4, 32, 33, 34, 35, 36, 37, 38, 39, 40]
241	[]
242	[3, 4, 5, 6]
243	[]
244	[29]
245	[7, 8, 9, 10, 11]
246	[]
247	[0, 1, 2, 3, 4, 5]
248	[]
249	[]
250	[]
251	[]
252	[]
253	[]
254	[]
255	[]
256	[47, 48, 49, 50, 51, 52, 53, 54, 55]
257	[]
258	[11, 12, 13, 14, 56, 57, 58, 59, 60, 61, 62]
259	[]
260	[]
261	[13, 14, 15, 16, 17, 18, 19]
262	[14, 15, 16, 17, 18, 19]
263	[]
264	[]
265	[65, 66, 67]
266	[]
267	[]
268	[]
269	[]
270	[68, 69, 70, 71, 72, 74, 75, 77, 78, 79, 81, 82, 83]
271	[]
272	[]
273	[]
274	[]
275	[61, 62, 63, 100, 101, 160, 161, 162, 163]
276	[14, 15, 16, 17, 25, 26, 27, 28, 29, 30, 32, 33, 34, 35, 36]
277	[]
278	[]
279	[]
280	[]
281	[]
282	[]
283	[]
284	[]
285	[27, 28, 29, 30, 31]
286	[]
287	[11, 12, 13, 14, 15, 16]
288	[31, 32, 33, 34, 35]
289	[]
290	[]
291	[]
292	[]
293	[]
294	[10, 11, 12, 13, 14, 15, 17, 18]
295	[]
296	[12, 13, 14, 15, 16, 17]
297	[31, 32, 33, 34, 35, 63, 64, 65, 66, 67, 68, 70, 71]
298	[]
299	[]
300	[]
301	[]
302	[]
303	[7]
304	[]
305	[]
306	[]
307	[]
308	[]
309	[]
310	[]
311	[]
312	[]
313	[]
314	[]
315	[]
316	[]
317	[]
318	[29, 30, 31, 33, 34, 35, 43, 44, 45, 46, 47, 71, 72, 73, 74, 75, 76]
319	[]
320	[]
321	[]
322	[]
323	[23, 24, 25, 26]
324	[0, 1, 2, 4, 5, 6, 7, 9, 10, 11, 12, 13, 14, 15, 16, 26, 27, 28, 29, 30, 31]
325	[]
326	[86, 87, 88, 89]
327	[]
328	[]
329	[]
330	[34, 35, 36, 37, 38, 39, 40, 41, 42]
331	[]
332	[]
333	[44, 45, 46, 47]
334	[]
335	[]
336	[]
337	[5, 6, 7, 8]
338	[]
339	[]
340	[]
341	[]
342	[]
343	[]
344	[]
345	[12, 13, 14, 15, 17, 18, 19]
346	[50, 51]
347	[20, 21, 22, 23, 24, 36, 37, 38, 39, 40]
348	[]
349	[]
350	[]
351	[]
352	[4, 5, 6, 7]
353	[]
354	[15, 16, 17, 18, 27, 28]
355	[]
356	[]
357	[]
358	[]
359	[]
360	[0, 1, 2, 3, 4, 10, 11, 12, 13, 15, 16, 17, 18, 19, 32, 33, 34, 35, 36, 37, 38, 46, 47, 48, 49, 50, 51, 52]
361	[]
362	[]
363	[3, 4, 5, 6, 7, 47, 48, 49, 50, 51]
364	[]
365	[0, 1, 2, 3, 5, 6, 7, 28, 29, 30]
366	[8, 9, 10]
367	[17, 18, 19, 20, 21, 35, 36, 37, 38, 39]
368	[]
369	[]
370	[11, 12, 13, 14, 15]
371	[43, 44, 45, 46, 47, 48, 49, 50]
372	[]
373	[]
374	[]
375	[]
376	[]
377	[18, 19, 20, 21, 51, 52, 53, 54, 55, 56, 57, 59, 60, 61, 62, 70, 71, 72]
378	[]
379	[]
380	[]
381	[]
382	[]
383	[]
384	[17, 18, 19, 20, 22, 23, 24, 25]
385	[]
386	[]
387	[]
388	[]
389	[19, 20, 21, 22]
390	[40, 41, 42, 43, 44, 67, 68, 69, 70, 71]
391	[]
392	[59, 60, 61, 62]
393	[]
394	[]
395	[]
396	[32, 33]
397	[]
398	[]
399	[10, 11, 12, 13, 14, 15]
400	[]
401	[16, 17, 18, 19, 20, 21, 22]
402	[]
403	[]
404	[]
405	[29, 30, 31, 32, 33, 34, 35, 36]
406	[]
407	[]
408	[]
409	[]
410	[0, 1, 2, 3, 4, 6, 7, 8, 9, 16, 17, 18, 19, 20, 21, 22, 23]
411	[]
412	[]
413	[48, 49, 50, 51, 52, 53, 54]
414	[]
415	[]
416	[]
417	[13, 14, 15, 16]
418	[]
419	[]
420	[7, 8, 9, 10, 15, 16, 17, 18, 19, 20, 21, 22, 23]
421	[0, 1, 2, 3, 5, 6, 25, 26, 27, 28, 29, 30, 31]
422	[16, 17, 18, 19, 21, 22, 23, 24, 25, 27, 28, 29, 30, 31]
423	[]
424	[38, 39, 40, 41, 42, 43, 44, 45, 46, 47]
425	[]
426	[]
427	[]
428	[]
429	[]
430	[78, 79, 80, 81, 82, 83, 84, 85, 86, 87]
431	[53, 54, 55, 66, 67, 68]
432	[]
433	[]
434	[]
435	[]
436	[]
437	[28, 29, 30, 31, 32, 33, 35, 36, 37, 38, 39, 40]
438	[]
439	[85, 86, 87, 88, 89, 90]
440	[]
441	[]
442	[8, 9, 10, 11]
443	[]
444	[0, 1, 2, 3, 4, 5]
445	[]
446	[]
447	[]
448	[]
449	[]
450	[]
451	[31, 32, 33, 34, 35, 36, 37]
452	[0, 1]
453	[18, 19, 20, 21, 22, 23, 24]
454	[0, 1, 2, 3, 4, 5, 6, 7]
455	[15, 16, 17, 18, 19, 20, 21, 52, 53, 54, 55, 56, 57, 70, 71, 72, 73, 74, 75, 76]
456	[]
457	[65, 66, 67, 68]
458	[]
459	[40, 41, 42, 43, 44, 45, 46, 47, 49, 50, 51, 66, 67, 68, 69, 70, 71, 72, 73]
460	[]
461	[]
462	[0, 1, 2]
463	[]
464	[]
465	[]
466	[]
467	[]
468	[]
469	[]
470	[24, 25]
471	[]
472	[]
473	[0, 1, 2, 3, 4, 5, 6, 8, 9]
474	[56, 57, 58, 59, 60, 61, 79, 80, 81, 82, 83, 84, 102, 103, 104]
475	[23, 24, 25, 26, 46, 47, 48, 49, 50, 58, 59, 60]
476	[72, 73, 74, 75, 76, 77, 79, 80, 81, 82, 83, 84]
477	[]
478	[]
479	[]
480	[]
481	[]
482	[]
483	[]
484	[]
485	[19, 20]
486	[]
487	[21, 22, 23, 108, 109, 110, 111, 135, 136, 137, 138, 139, 140]
488	[]
489	[]
490	[]
491	[]
492	[]
493	[]
494	[]
495	[13, 14, 15, 16, 17, 18, 19]
496	[]
497	[20, 21, 22, 23, 24, 26, 27, 28, 29, 30, 31]
498	[]
499	[7, 8, 9, 10, 11, 12, 14, 15, 16, 17, 59, 60, 61, 63, 64, 65, 67, 68, 69, 70, 72, 73]
500	[]
501	[]
502	[]
503	[]
504	[17, 18, 19]
505	[]
506	[]
507	[]
508	[]
509	[]
510	[]
511	[]
512	[]
513	[0, 1, 2, 3, 4, 21, 22, 23, 24, 52, 53, 54, 55, 57, 58, 59, 60]
514	[]
515	[]
516	[]
517	[]
518	[]
519	[]
520	[]
521	[13, 14, 15, 16, 18, 19, 20, 21, 29, 30, 31, 32]
522	[]
523	[]
524	[4, 5, 6, 7, 8, 9]
525	[17, 18, 19, 20, 21]
526	[]
527	[]
528	[]
529	[]
530	[5, 6]
531	[]
532	[]
533	[85, 86, 87, 88, 89]
534	[]
535	[]
536	[61, 62, 63, 64, 65, 66, 67]
537	[9, 10, 11, 12, 13, 36, 37, 38, 39, 40, 41, 42, 43, 44, 45, 74, 75, 76, 77, 78]
538	[]
539	[3, 4, 5, 6, 19, 20, 21, 22, 23, 40, 41, 42, 43, 44, 46, 47, 48, 49, 50]
540	[42, 43, 44, 45]
541	[0, 1, 2, 3, 4, 5, 7, 8, 9, 10, 28, 29, 30, 31, 32]
542	[]
543	[]
544	[]
545	[]
546	[]
547	[16, 17, 18, 19, 20, 22, 23, 24, 25]
548	[]
549	[5, 6, 7, 8]
550	[]
551	[]
552	[22, 23, 24, 25, 26, 27, 28]
553	[0, 1, 2, 3, 5, 6, 7, 8, 16, 17, 18, 19, 20]
554	[20, 21, 22, 23, 24, 25, 26, 27, 29, 30, 31, 32, 33, 34, 36, 37, 38, 39]
555	[]
556	[26, 27, 28, 29, 30, 31]
557	[0, 1, 2, 3, 4, 5, 6, 7, 31, 32, 33, 34, 35, 36, 37, 54, 55, 56, 57, 58, 65, 66, 67, 68, 69, 70]
558	[0, 1]
559	[]
560	[]
561	[13, 14, 15, 16, 17, 18, 55, 56, 57]
562	[5, 6, 7, 8, 59, 60, 61, 62, 63]
563	[]
564	[]
565	[]
566	[]
567	[0, 1, 2]
568	[]
569	[77, 78, 79, 80, 81, 82]
570	[]
571	[]
572	[]
573	[3, 4, 5, 7, 8, 9, 10, 11]
574	[]
575	[]
576	[]
577	[]
578	[]
579	[0, 1, 2, 3, 4, 23, 24, 25, 26, 27, 28]
580	[]
581	[]
582	[]
583	[39, 40, 41]
584	[]
585	[]
586	[]
587	[]
588	[8, 9, 10, 11, 12, 13, 36, 37, 38, 39, 40, 41]
589	[]
590	[]
591	[]
592	[]
593	[]
594	[43, 44, 45, 46, 47]
595	[]
596	[8, 9, 10, 11, 12]
597	[]
598	[]
599	[]
600	[]
601	[]
602	[]
603	[]
604	[0, 1, 2, 4]
605	[10, 11, 12, 13, 14, 15, 16, 17, 18, 19]
606	[]
607	[]
608	[]
609	[]
610	[4, 5, 6]
611	[]
612	[]
613	[]
614	[]
615	[26, 27, 28, 29, 30, 52, 53, 54, 55, 56]
616	[]
617	[37, 38, 39, 40, 41, 42, 49, 50, 51]
618	[11, 13, 14, 15, 16, 17, 19, 20]
619	[]
620	[]
621	[0, 13, 14, 15, 16, 17, 33, 34, 35, 36, 37, 48, 49, 50, 51, 53, 54, 55, 56, 57, 65, 66, 67, 68, 97, 98, 99, 100, 102, 103, 104, 105, 106, 108, 109, 110, 111, 112, 126, 127, 128, 160]
622	[]
623	[]
624	[]
625	[]
626	[]
627	[]
628	[]
629	[]
630	[0, 1, 2, 3]
631	[0, 1, 31, 32, 33, 34, 35, 36, 37, 38]
632	[]
633	[]
634	[]
635	[]
636	[]
637	[24, 25, 26]
638	[0, 1, 2, 3]
639	[]
640	[]
641	[]
642	[]
643	[0, 1, 2, 3, 4, 6, 7, 9, 10, 11, 12, 20, 21, 22, 24, 25, 29, 30, 49, 50, 51, 52, 53, 55, 56, 57, 58, 60, 61, 62, 63, 71, 72, 73, 74, 76, 77, 78]
644	[]
645	[]
646	[0, 1, 2]
647	[39, 40, 41, 42, 43, 45, 46, 47, 48, 50, 51, 52, 53]
648	[42, 43, 44, 45, 46, 47]
649	[]
650	[]
651	[]
652	[]
653	[]
654	[]
655	[]
656	[]
657	[]
658	[]
659	[]
660	[7, 8, 9, 10, 11, 12]
661	[4, 5, 6, 7, 8]
662	[]
663	[]
664	[47, 48, 49, 129, 130, 131, 133, 134, 135]
665	[10, 11, 12]
666	[14, 15]
667	[]
668	[]
669	[17, 18, 19, 20, 21, 22, 23, 24, 25, 26, 27, 29, 30, 31, 32]
670	[]
671	[39, 40, 41, 42, 43]
672	[]
673	[]
674	[0, 1, 2, 3]
675	[]
676	[5, 6, 7, 8, 9, 10, 11]
677	[35, 36, 37, 38, 39, 40]
678	[0]
679	[]
680	[]
681	[]
682	[]
683	[]
684	[]
685	[]
686	[]
687	[]
688	[]
689	[]
690	[]
691	[21, 22, 23, 24, 25]
692	[]
693	[]
694	[]
695	[]
696	[]
697	[]
698	[]
699	[]
700	[51, 52, 53, 54]
701	[29, 30, 31, 32, 54, 55, 56, 57, 58, 59, 60, 61]
702	[]
703	[]
704	[]
705	[]
706	[]
707	[10, 11, 12, 13, 14, 15, 30, 31, 32, 34, 35, 36, 37, 42, 43, 44, 45, 46, 47, 64, 65, 66, 68, 69, 70, 71, 73, 74, 75]
708	[]
709	[]
710	[]
711	[]
712	[]
713	[]
714	[]
715	[]
716	[]
717	[16, 17, 18, 19, 20, 21, 22, 73, 74, 75, 76, 114, 115, 116, 117, 118, 119, 120, 122, 123, 124, 125, 126, 127, 128, 129, 131, 132]
718	[]
719	[]
720	[]
721	[]
722	[]
723	[]
724	[]
725	[]
726	[]
727	[]
728	[]
729	[37, 38, 40, 41]
730	[22, 23, 24, 25, 26, 27, 28, 29, 30]
731	[]
732	[4, 5, 35, 37, 38, 39]
733	[4, 5, 6]
734	[0, 1, 2, 3, 4, 35, 36, 37, 38]
735	[]
736	[]
737	[]
738	[9, 10, 11, 12, 13, 15]
739	[]
740	[]
741	[]
742	[40, 41, 42, 43, 44, 45, 53, 54, 55, 56, 57, 59, 60, 61, 62, 63, 65, 66, 67]
743	[]
744	[0]
745	[]
746	[]
747	[]
748	[]
749	[5, 6, 7, 9, 10, 11, 52, 53, 54, 55, 56, 57, 58, 59, 60]
750	[]
751	[0, 1, 3, 4]
752	[]
753	[]
754	[]
755	[]
756	[16, 17, 18, 19, 51, 52, 53, 54]
757	[]
758	[23, 24, 25, 26]
759	[8, 9, 10, 11, 37, 38, 39, 40, 41]
760	[]
761	[0]
762	[]
763	[89, 90]
764	[]
765	[]
766	[]
767	[]
768	[18, 19, 20, 21]
769	[]
770	[]
771	[0, 1, 2, 3, 4, 56, 57, 58, 59, 61, 62, 63, 64, 65]
772	[]
773	[17, 18, 19, 20, 32, 33, 34, 35, 36, 37, 38, 39]
774	[]
775	[]
776	[]
777	[]
778	[]
779	[]
780	[]
781	[0, 1, 2, 3, 4, 5, 6, 7, 8]
782	[]
783	[]
784	[]
785	[]
786	[77, 78, 79, 80]
787	[]
788	[]
789	[]
790	[]
791	[]
792	[]
793	[71, 72, 73, 74]
794	[12, 13, 14, 15, 16]
795	[51, 52, 53, 54, 55, 57, 58]
796	[0, 1, 2, 3, 4, 5, 65, 66, 67, 68, 69, 70, 71]
797	[22, 23, 24, 44, 45]
798	[]
799	[]
800	[]
801	[]
802	[]
803	[70, 71, 72, 73]
804	[]
805	[]
806	[]
807	[]
808	[]
809	[54, 55, 56, 57, 58, 59]
810	[]
811	[15, 16, 17, 18, 19, 20, 21]
812	[45, 46, 47, 48]
813	[]
814	[]
815	[]
816	[0, 1, 2, 3, 4, 5, 6, 7, 8, 10, 11, 12, 13, 59, 60, 61, 63, 64, 65]
817	[13, 14, 15, 16, 19, 20, 21]
818	[]
819	[]
820	[]
821	[]
822	[29, 30, 31, 32, 33, 34, 36, 37]
823	[]
824	[]
825	[38, 39, 40, 41, 42, 43, 44, 92, 93, 94, 95]
826	[]
827	[]
828	[]
829	[]
830	[]
831	[]
832	[]
833	[]
834	[]
835	[5, 6, 7, 8, 9, 10]
836	[]
837	[]
838	[]
839	[36, 37, 38, 39, 40, 41, 42]
840	[]
841	[]
842	[]
843	[]
844	[]
845	[]
846	[0, 1, 2, 3, 4, 5, 7, 8, 9, 10, 11, 13, 14, 15, 16, 17, 18, 19, 20, 32, 33, 34, 35]
847	[0]
848	[]
849	[]
850	[]
851	[42, 44, 45]
852	[]
853	[]
854	[36]
855	[38, 41, 42]
856	[]
857	[]
858	[]
859	[4, 5, 6, 7]
860	[]
861	[4, 5, 6, 7, 8, 16, 17, 18, 19, 20, 21, 38, 39, 40, 41, 42, 43, 44]
862	[10, 11, 12, 13, 14, 16, 17, 18]
863	[]
864	[14, 15, 16, 17, 19, 20]
865	[18, 19, 20, 21, 23, 24, 25, 26, 27, 29, 30, 31, 32]
866	[]
867	[]
868	[]
869	[]
870	[]
871	[]
872	[]
873	[]
874	[]
875	[]
876	[]
877	[]
878	[0, 1, 2, 3, 12, 13, 14, 15, 16, 17, 18, 19, 20, 47, 48, 49, 50, 51, 52, 53, 54, 55, 56, 57, 58]
879	[]
880	[]
881	[]
882	[]
883	[0]
884	[67, 68, 69, 70, 71, 72]
885	[30, 31, 32, 33, 34]
886	[7, 8, 9, 10, 11, 12]
887	[]
888	[]
889	[]
890	[]
891	[]
892	[39, 40, 41, 42]
893	[]
894	[]
895	[]
896	[]
897	[]
898	[]
899	[32, 33, 34, 35]
900	[]
901	[]
902	[26, 27, 28, 29]
903	[]
904	[]
905	[]
906	[]
907	[]
908	[]
909	[]
910	[]
911	[]
912	[]
913	[227, 228, 229, 230, 231, 232, 233, 234, 235, 236, 237, 238, 239, 240]
914	[]
915	[138, 139, 140, 141, 142]
916	[19, 20, 21, 45, 46, 47, 53, 54, 55, 56, 57, 59, 60, 61, 62]
917	[]
918	[20, 21]
919	[]
920	[]
921	[20, 21, 22, 23, 24, 25, 26, 31, 32, 33, 34, 35, 36, 51, 52, 53, 54, 55, 56, 71, 72, 73, 74, 75, 76, 77]
922	[]
923	[4, 5, 6, 7, 8, 9, 11, 12]
924	[]
925	[]
926	[]
927	[]
928	[0, 1, 2, 3, 4, 5, 6, 13, 14, 15, 16, 17]
929	[8, 9, 10, 11, 12, 13, 14, 15]
930	[]
931	[41, 42, 43, 44]
932	[]
933	[]
934	[]
935	[]
936	[]
937	[]
938	[]
939	[7, 8, 9, 10]
940	[33, 34, 35, 36]
941	[]
942	[]
943	[]
944	[]
945	[]
946	[152, 153, 154, 155, 156, 157]
947	[]
948	[]
949	[]
950	[]
951	[13, 14, 15, 16]
952	[]
953	[]
954	[]
955	[]
956	[0, 50, 51, 52, 54, 55, 56, 57, 58, 59, 60, 61, 62, 63]
957	[]
958	[]
959	[52, 53, 54, 55]
960	[]
961	[42, 43, 44, 56, 57, 58, 59]
962	[]
963	[22, 23, 24, 25, 26, 27]
964	[]
965	[]
966	[]
967	[]
968	[11, 12, 13, 14, 15, 16, 17, 19, 20, 21, 22, 23, 24, 59, 60, 61, 62, 63, 64]
969	[]
970	[]
971	[]
972	[]
973	[]
974	[0, 1, 2, 3, 4, 6, 7, 8, 9, 20, 21, 22, 23, 25, 26, 27, 28, 30, 31, 32, 33, 34]
975	[]
976	[58, 59, 60, 61]
977	[]
978	[22, 23, 24, 25]
979	[]
980	[]
981	[]
982	[13, 14, 15, 16, 17, 18, 19, 50, 51, 52, 53, 54]
983	[]
984	[3, 4, 5, 6, 7, 8, 9, 11, 12, 13, 14]
985	[]
986	[]
987	[36, 37, 38, 39, 40, 41, 43, 44, 45, 47, 48, 49]
988	[20, 21, 22, 23]
989	[]
990	[]
991	[]
992	[]
993	[21, 22, 23, 24]
994	[]
995	[4, 5, 6, 7, 12, 13, 14, 15, 16, 17, 18]
996	[]
997	[11, 12, 13, 14, 15]
998	[]
999	[]
1000	[]
1001	[]
1002	[33, 34, 35, 36, 38, 39, 40, 41, 42, 44, 45, 46, 47, 48]
1003	[]
1004	[]
1005	[]
1006	[]
1007	[]
1008	[15, 16, 17, 18, 20, 21, 22]
1009	[]
1010	[11, 12, 13, 14, 15]
1011	[]
1012	[]
1013	[9, 10, 11, 12, 13, 14]
1014	[]
1015	[18, 19, 20, 21, 22, 23, 24, 25, 26]
1016	[]
1017	[]
1018	[4, 5, 6, 7, 8, 9, 10, 11, 12, 13, 14, 15]
1019	[]
1020	[]
1021	[]
1022	[]
1023	[]
1024	[52, 53, 54, 55, 56]
1025	[]
1026	[]
1027	[]
1028	[]
1029	[]
1030	[]
1031	[]
1032	[]
1033	[]
1034	[]
1035	[]
1036	[]
1037	[]
1038	[]
1039	[]
1040	[]
1041	[]
1042	[0, 1, 2, 3, 5, 6, 7, 8, 9, 10, 11, 12]
1043	[14, 15, 16, 17, 18]
1044	[]
1045	[]
1046	[]
1047	[]
1048	[27, 28, 29, 30, 31]
1049	[]
1050	[]
1051	[]
1052	[19, 20, 21, 22, 23, 24, 25, 26, 27, 28]
1053	[]
1054	[]
1055	[]
1056	[]
1057	[34, 35, 36, 37, 38, 39, 40, 41, 42]
1058	[]
1059	[]
1060	[]
1061	[]
1062	[0, 1, 2, 3, 4, 5]
1063	[]
1064	[]
1065	[]
1066	[]
1067	[]
1068	[]
1069	[]
1070	[]
1071	[]
1072	[0, 1, 2, 3, 38, 39, 40, 41, 42]
1073	[]
1074	[29, 30, 31, 32, 33, 34, 35, 36, 37, 38, 39, 40, 41, 42, 43, 44, 55, 56]
1075	[]
1076	[]
1077	[26, 27, 28, 29, 30]
1078	[]
1079	[]
1080	[]
1081	[20, 21, 22, 23, 24, 25, 26, 27, 28]
1082	[]
1083	[]
1084	[9, 10, 11, 12, 14, 15, 16, 17, 18, 19, 20, 21, 28, 29, 30, 31, 32, 33, 41, 42, 43, 44, 46, 47, 48, 59, 60, 61]
1085	[]
1086	[0, 1, 2, 3, 4, 5, 6]
1087	[]
1088	[]
1089	[]
1090	[]
1091	[]
1092	[]
1093	[15, 16, 17]
1094	[]
1095	[]
1096	[]
1097	[]
1098	[]
1099	[]
1100	[]
1101	[]
1102	[16, 17, 18, 19, 20, 21, 23, 24, 25, 26, 27, 28, 29, 31, 32, 33, 34, 35, 36, 50, 51, 52, 53, 54, 61, 62, 63]
1103	[]
1104	[]
1105	[]
1106	[0, 1, 2]
1107	[]
1108	[]
1109	[]
1110	[0, 1, 2, 3, 4, 6, 7, 8, 9, 10, 11, 41, 42, 43, 44, 46, 47, 48]
1111	[7, 8, 9, 10, 11, 33, 34, 35, 36, 37, 44, 45, 46, 47, 48]
1112	[]
1113	[16, 17, 18, 19, 20]
1114	[0, 72, 73, 74, 75, 76]
1115	[]
1116	[]
1117	[]
1118	[]
1119	[]
1120	[]
1121	[4, 5, 6, 7]
1122	[]
1123	[]
1124	[19, 20, 21, 49, 50, 51, 52]
1125	[22, 23, 24, 25]
1126	[8]
1127	[]
1128	[]
1129	[50, 51, 52, 53]
1130	[53, 54, 55, 56, 57, 58, 59]
1131	[5, 6, 7, 8, 10, 11, 12, 13, 14]
1132	[]
1133	[73]
1134	[]
1135	[]
1136	[]
1137	[]
1138	[]
1139	[0, 1, 2, 3, 5, 6, 8, 9, 10, 11, 12, 13, 14, 16, 17, 18, 19, 20, 21]
1140	[]
1141	[]
1142	[]
1143	[0, 1, 2, 3]
1144	[]
1145	[]
1146	[]
1147	[7, 8, 9, 10]
1148	[]
1149	[]
1150	[]
1151	[0, 1, 2, 3, 4, 5, 6, 16, 17, 18, 19, 50, 51, 52]
1152	[]
1153	[]
1154	[]
1155	[]
1156	[]
1157	[23, 24, 25]
1158	[]
1159	[]
1160	[45, 46, 47, 48, 49]
1161	[]
1162	[]
1163	[20, 21, 22, 40, 41, 42]
1164	[]
1165	[]
1166	[]
1167	[34, 35, 36, 37, 38, 40, 41]
1168	[24, 25, 26, 27, 28, 29, 30, 31, 32, 33, 35, 36, 37, 38, 39]
1169	[0, 1, 2, 3, 4, 5, 74, 75, 76]
1170	[]
1171	[]
1172	[]
1173	[]
1174	[]
1175	[]
1176	[]
1177	[]
1178	[24, 25, 26, 27, 28]
1179	[]
1180	[]
1181	[]
1182	[39, 40, 41]
1183	[9, 10, 11, 13, 14, 15, 16, 18, 19, 20]
1184	[]
1185	[]
1186	[]
1187	[]
1188	[]
1189	[]
1190	[48, 49, 50, 51]
1191	[]
1192	[]
1193	[]
1194	[]
1195	[7, 8, 9, 10, 11, 12, 13, 14]
1196	[]
1197	[9, 10, 24, 25, 26, 27, 28, 29]
1198	[]
1199	[]
1200	[]
1201	[]
1202	[]
1203	[16, 17, 18, 19, 20, 22, 23, 24, 25]
1204	[]
1205	[]
1206	[22, 23, 155, 156, 157, 158, 159]
1207	[]
1208	[9, 10, 11, 18, 19, 20, 21, 22, 23, 34, 35, 36, 37, 38, 40, 41, 42, 43, 44, 46, 47, 48, 49, 50, 51, 52]
1209	[]
1210	[17, 18, 19, 20, 22, 23, 24, 25, 26]
1211	[]
1212	[]
1213	[]
1214	[]
1215	[]
1216	[]
1217	[]
1218	[]
1219	[]
1220	[]
1221	[]
1222	[]
1223	[6, 7, 8, 9, 10, 32, 33, 34, 35, 51, 52, 53, 54, 55, 56]
1224	[49, 50, 51, 52, 53, 54]
1225	[]
1226	[]
1227	[]
1228	[0, 1, 2, 3]
1229	[]
1230	[]
1231	[]
1232	[62, 63]
1233	[0]
1234	[63]
1235	[17, 18, 19, 20]
1236	[]
1237	[31, 32, 33, 34, 35, 36, 37]
1238	[]
1239	[59, 60, 61, 62]
1240	[]
1241	[]
1242	[43, 44, 45, 46, 47, 48]
1243	[]
1244	[]
1245	[]
1246	[]
1247	[]
1248	[50, 51, 52, 53]
1249	[6, 7, 8, 9, 18, 19, 20, 21, 22, 27, 28, 29, 30, 31]
1250	[18, 19, 20, 21, 22, 23, 24, 26, 28, 29, 30, 31, 32, 33]
1251	[]
1252	[]
1253	[]
1254	[]
1255	[]
1256	[]
1257	[]
1258	[]
1259	[]
1260	[]
1261	[]
1262	[]
1263	[0, 2, 3, 4, 5, 23, 24, 25, 26, 27, 62, 63, 64, 65, 66]
1264	[]
1265	[]
1266	[]
1267	[]
1268	[]
1269	[]
1270	[]
1271	[]
1272	[]
1273	[]
1274	[]
1275	[]
1276	[0, 1, 2, 3, 4, 5, 6, 8, 9, 11, 12, 13, 14, 15, 16, 28, 29, 30, 31, 32, 33, 34, 35, 36, 37, 83, 84, 85, 87, 96, 97, 98, 99, 100, 101, 102, 103, 104, 105, 106]
1277	[]
1278	[5, 6, 7, 8]
1279	[16, 17, 18, 19, 21, 22, 23, 24, 68, 69, 70, 71, 72, 78, 79, 80, 81, 82, 88, 89, 90, 91, 92]
1280	[]
1281	[]
1282	[]
1283	[]
1284	[]
1285	[]
1286	[]
1287	[]
1288	[]
1289	[]
1290	[]
1291	[]
1292	[]
1293	[]
1294	[]
1295	[]
1296	[9, 10, 11, 12, 13, 14, 24, 25, 26, 27, 29, 30, 31, 32, 33, 34, 35, 36, 39, 40, 41, 42, 44, 45, 46, 48, 49, 50, 51, 52, 53, 55, 56, 57, 58, 59, 60, 61, 62]
1297	[]
1298	[14, 15, 16, 17, 18, 19, 20, 22, 23, 24, 25, 26, 27, 28, 30, 31, 32, 33]
1299	[14, 15, 16, 17, 18]
1300	[]
1301	[]
1302	[]
1303	[]
1304	[]
1305	[6, 7, 8, 19, 20, 21, 22, 23, 44, 45, 46, 47]
1306	[]
1307	[]
1308	[]
1309	[]
1310	[14, 15, 16]
1311	[0, 1, 2, 3, 4, 5, 6, 7, 8, 10, 11, 12, 14, 15, 16, 17, 18, 19, 20, 21, 22, 23, 24, 25, 26, 27]
1312	[28, 29, 30, 31, 32, 39, 40, 41, 42, 43]
1313	[]
1314	[]
1315	[]
1316	[]
1317	[23, 24, 25, 26, 27, 28]
1318	[]
1319	[]
1320	[]
1321	[36, 37, 38, 39]
1322	[]
1323	[]
1324	[]
1325	[]
1326	[0, 1, 3, 4, 5, 6, 7, 9, 10, 11, 12, 15, 16, 34, 35, 36]
1327	[]
1328	[]
1329	[]
1330	[]
1331	[]
1332	[0, 1, 2, 3, 4, 5, 6]
1333	[]
1334	[]
1335	[43, 44, 45, 46]
1336	[]
1337	[]
1338	[]
1339	[]
1340	[]
1341	[]
1342	[]
1343	[]
1344	[35, 36, 73, 74, 75, 76]
1345	[]
1346	[]
1347	[]
1348	[]
1349	[0, 1, 2, 3, 22, 23, 24]
1350	[104, 105, 106, 107, 108, 109, 110]
1351	[]
1352	[]
1353	[0, 1, 2, 3, 4, 5, 6, 7, 8, 20, 21, 22, 23, 24, 25]
1354	[]
1355	[]
1356	[]
1357	[]
1358	[46, 47, 48, 49, 51, 52, 53, 54, 55, 56]
1359	[]
1360	[]
1361	[]
1362	[]
1363	[]
1364	[]
1365	[]
1366	[6, 7, 8, 9, 10]
1367	[]
1368	[]
1369	[]
1370	[]
1371	[]
1372	[]
1373	[19]
1374	[]
1375	[]
1376	[]
1377	[0, 1, 2, 3, 20, 21, 22, 23, 24, 25, 26, 27]
1378	[]
1379	[]
1380	[]
1381	[]
1382	[]
1383	[]
1384	[]
1385	[12, 13, 14, 15, 17, 18]
1386	[]
1387	[45, 46, 47, 48, 49, 50, 51, 52, 53, 54]
1388	[]
1389	[]
1390	[9, 10, 11, 12, 28, 29, 30, 31, 32]
1391	[15, 16, 17, 18, 19]
1392	[0, 1, 2, 3, 10, 11, 12, 13, 14, 15, 16]
1393	[]
1394	[]
1395	[0]
1396	[23]
1397	[]
1398	[]
1399	[21, 22, 23, 24, 25, 26, 27, 46, 47, 48, 49]
1400	[]
1401	[]
1402	[70]
1403	[0, 1, 2]
1404	[15, 23, 24, 25, 26]
1405	[]
1406	[]
1407	[]
1408	[]
1409	[]
1410	[]
1411	[]
1412	[49, 50, 51, 52, 54, 55, 56]
1413	[]
1414	[]
1415	[]
1416	[]
1417	[49, 50, 51, 52, 53, 54]
1418	[]
1419	[]
1420	[]
1421	[]
1422	[]
1423	[]
1424	[]
1425	[]
1426	[]
1427	[]
1428	[]
1429	[]
1430	[]
1431	[]
1432	[12, 13, 14, 16, 17, 18, 19, 20, 21]
1433	[]
1434	[]
1435	[]
1436	[]
1437	[25, 26, 27, 28, 29, 30, 31, 32, 33]
1438	[]
1439	[89, 90, 91, 92, 93]
1440	[]
1441	[]
1442	[42, 43, 44, 45, 46, 47]
1443	[]
1444	[16, 17, 18, 19, 20, 21, 22, 23, 24, 25, 26]
1445	[]
1446	[]
1447	[]
1448	[7, 8, 9, 10, 12, 13, 14, 19, 20, 21, 22, 23, 24, 26, 27, 28, 29, 30]
1449	[39, 40, 41, 42, 43, 44]
1450	[]
1451	[18, 19, 20, 21, 22, 23, 24]
1452	[6, 7, 8, 9, 10]
1453	[14, 15, 16]
1454	[]
1455	[]
1456	[]
1457	[]
1458	[]
1459	[]
1460	[]
1461	[]
1462	[]
1463	[]
1464	[]
1465	[62, 63, 64, 65, 75, 76, 77, 78, 79, 80, 81, 82, 83, 84, 85]
1466	[]
1467	[]
1468	[]
1469	[]
1470	[]
1471	[]
1472	[]
1473	[]
1474	[]
1475	[]
1476	[]
1477	[27, 28, 29, 34, 35, 36, 37, 38, 40, 41, 42, 43, 44, 45, 46, 47]
1478	[]
1479	[]
1480	[]
1481	[]
1482	[]
1483	[]
1484	[]
1485	[]
1486	[19, 20, 21, 23, 24, 25, 26, 27, 30, 31, 32, 33, 34, 35, 36, 37, 50, 51, 52, 53, 54, 55]
1487	[]
1488	[]
1489	[]
1490	[]
1491	[]
1492	[]
1493	[60, 61, 62, 63, 64, 65, 66, 67, 68, 69, 70, 94]
1494	[]
1495	[]
1496	[]
1497	[]
1498	[]
1499	[]
1500	[]
1501	[]
1502	[]
1503	[]
1504	[0, 1, 2, 3, 4, 5, 32, 33, 34, 35, 36, 48, 49, 50, 51, 52]
1505	[15, 16, 17, 18, 19, 20, 21]
1506	[]
1507	[]
1508	[15, 16, 17, 18, 19, 20, 21, 22, 23, 24]
1509	[]
1510	[]
1511	[57, 58, 59, 60, 61, 62, 64, 65, 83, 84, 85, 86, 87]
1512	[]
1513	[]
1514	[]
1515	[15, 16, 17, 18, 19, 20, 21, 28, 29, 30, 31, 32, 33]
1516	[]
1517	[44, 45, 46, 47, 48, 49, 50, 51, 52, 53, 54, 61, 62, 63, 64, 65, 66, 91, 93, 94]
1518	[]
1519	[9, 10, 42, 43, 44, 45, 47, 48, 49, 50, 51, 52, 53, 54]
1520	[]
1521	[53, 54, 55, 56]
1522	[]
1523	[]
1524	[]
1525	[0, 1, 2, 3, 4, 5]
1526	[]
1527	[12, 13, 14, 15, 16]
1528	[]
1529	[]
1530	[]
1531	[]
1532	[32, 33, 34, 35, 36, 37, 42, 43, 44, 45, 46, 48, 49, 50, 51, 52, 53]
1533	[]
1534	[0, 1, 2, 3, 4, 5, 7, 8, 9, 10, 11, 12, 52, 53, 54, 55]
1535	[0, 1, 2, 3, 4, 5]
1536	[]
1537	[]
1538	[]
1539	[]
1540	[11, 12, 13, 15, 16]
1541	[]
1542	[]
1543	[]
1544	[]
1545	[]
1546	[]
1547	[]
1548	[]
1549	[]
1550	[]
1551	[0, 1, 2, 3]
1552	[]
1553	[]
1554	[]
1555	[]
1556	[]
1557	[21, 22, 23]
1558	[]
1559	[23, 24, 25, 27, 28, 29, 30, 31, 44, 45, 46, 47, 48, 75, 76, 77]
1560	[9, 10, 11, 12, 13]
1561	[]
1562	[0, 1, 2, 3, 44, 45, 46, 47, 48, 49]
1563	[]
1564	[47, 48, 49, 50, 51, 52, 53, 54]
1565	[]
1566	[]
1567	[]
1568	[]
1569	[]
1570	[]
1571	[41, 42, 43, 44, 45, 46, 47, 48, 49, 50, 51, 52, 53, 91, 92, 93, 94, 95, 96, 98, 99, 100]
1572	[13, 14, 15, 16, 17, 18]
1573	[16, 17, 18, 19, 20, 21, 22, 23, 24, 35, 36, 37, 38, 39, 40, 41, 42, 43, 44]
1574	[]
1575	[]
1576	[]
1577	[19, 20, 21, 22, 23]
1578	[]
1579	[]
1580	[0, 1, 20, 21, 22, 23]
1581	[]
1582	[]
1583	[77, 78, 79, 80]
1584	[]
1585	[11, 12, 13, 14, 15, 16, 17, 18, 19]
1586	[3, 4, 5, 6, 138, 139, 140, 141, 142]
1587	[]
1588	[]
1589	[50, 51, 52, 53]
1590	[89, 90, 91, 92, 93]
1591	[15, 16, 17, 18, 19, 25, 26, 27]
1592	[0, 1]
1593	[0, 1, 2, 3, 5, 6, 7, 28, 29, 30, 31, 40, 41, 42, 43, 44, 46, 47, 48, 49]
1594	[]
1595	[7, 8]
1596	[]
1597	[]
1598	[0, 1, 2, 3, 4, 5, 6, 7, 8, 9]
1599	[32, 33, 34]
1600	[]
1601	[86, 87, 88, 89, 90]
1602	[]
1603	[]
1604	[]
1605	[]
1606	[]
1607	[16, 17, 18, 19, 20, 30, 31, 32, 33, 35, 36, 37, 38, 39, 52, 53, 54, 55]
1608	[]
1609	[]
1610	[]
1611	[]
1612	[]
1613	[]
1614	[]
1615	[]
1616	[]
1617	[29, 30, 31, 32, 33, 41, 42, 43, 44]
1618	[]
1619	[]
1620	[7, 8, 9, 10, 11, 12, 18, 19, 20, 21, 22, 23, 24, 25]
1621	[0, 1, 3, 4, 5, 6, 39, 40, 41, 42, 43]
1622	[]
1623	[5, 6, 7, 8]
1624	[]
1625	[]
1626	[]
1627	[15, 16, 17, 18]
1628	[]
1629	[20, 21, 22, 23, 24, 25, 26, 27, 70, 71, 72, 73, 74, 75, 76]
1630	[0, 1, 2, 3, 4, 6, 7, 8, 9, 17, 18, 19, 20, 21, 36, 37, 38, 39]
1631	[]
1632	[]
1633	[]
1634	[]
1635	[]
1636	[21, 22, 23, 24, 25, 26]
1637	[]
1638	[]
1639	[0, 13, 14, 15, 16]
1640	[]
1641	[]
1642	[32, 33, 34, 35, 36, 38, 39]
1643	[50, 51, 52, 53, 54, 55]
1644	[]
1645	[21, 22, 23, 24]
1646	[]
1647	[]
1648	[]
1649	[22, 23, 24, 25, 26]
1650	[]
1651	[]
1652	[]
1653	[47, 48, 49, 50, 52, 53, 54, 55]
1654	[]
1655	[]
1656	[]
1657	[]
1658	[]
1659	[]
1660	[]
1661	[]
1662	[]
1663	[]
1664	[0, 1, 2, 4, 5, 6, 21, 22, 23]
1665	[]
1666	[16, 17, 18, 19, 20, 21, 22, 28, 29, 30, 31, 32, 33, 36, 37, 39, 40, 41, 42, 43, 44]
1667	[]
1668	[]
1669	[]
1670	[0, 1, 2, 3, 4, 5]
1671	[]
1672	[]
1673	[]
1674	[]
1675	[41, 42, 43, 44, 45, 46, 47, 48, 49, 50]
1676	[]
1677	[53, 54, 55, 56]
1678	[]
1679	[]
1680	[]
1681	[]
1682	[3, 4, 5, 6, 7, 8, 41, 42, 43, 44, 53, 54, 55, 56]
1683	[29, 30, 31]
1684	[]
1685	[3, 4, 5, 6, 7, 8, 9, 10, 11, 12, 13]
1686	[]
1687	[]
1688	[24, 25, 26, 27]
1689	[]
1690	[]
1691	[]
1692	[]
1693	[]
1694	[]
1695	[]
1696	[]
1697	[]
1698	[]
1699	[]
1700	[]
1701	[]
1702	[21, 22, 23, 24, 25, 45, 46, 47, 48, 49, 51, 52, 53, 54]
1703	[6, 7, 8, 9, 10]
1704	[9, 10, 11, 12, 18, 19, 20, 21, 22, 40, 41, 42, 43, 52, 53, 54, 55]
1705	[22, 23, 24, 25, 26, 27, 29, 30, 31, 32, 49, 50, 51, 52, 53, 54, 56, 57, 58, 59, 60, 61]
1706	[]
1707	[]
1708	[0, 1, 2, 3]
1709	[]
1710	[]
1711	[]
1712	[]
1713	[]
1714	[]
1715	[31, 32, 33, 34, 35, 36, 37]
1716	[]
1717	[13, 14, 15, 16, 17, 18]
1718	[]
1719	[]
1720	[]
1721	[31, 32, 33, 34, 35]
1722	[]
1723	[13, 14, 15, 16, 18, 19, 20, 21, 61, 62, 63, 64, 65, 66]
1724	[]
1725	[]
1726	[0, 1, 2, 3, 4, 5, 6, 7, 8, 97, 108, 109, 110, 111]
1727	[]
1728	[]
1729	[]
1730	[]
1731	[]
1732	[]
1733	[9, 10, 11, 12, 13, 14]
1734	[]
1735	[]
1736	[0, 1]
1737	[]
1738	[]
1739	[]
1740	[9, 10, 11, 12, 13, 14, 15, 16, 21, 22, 23, 24, 25, 26, 27, 28, 38, 39, 40, 47, 48, 49, 50]
1741	[7, 8, 9, 10, 12, 13, 14, 64, 65, 66, 67, 68, 69, 70, 72, 73, 74, 75, 76, 77, 78, 79, 96, 97, 102, 103, 104, 105, 106, 107, 108, 109, 111, 112, 113, 114, 115, 117, 118, 119, 120, 121, 149, 150, 151, 152, 153, 170, 171, 172, 173, 174]
1742	[]
1743	[]
1744	[34, 35, 36, 37, 38, 39, 40, 41, 42, 43, 74, 75, 76, 77, 78, 79, 81, 82, 83]
1745	[14, 15, 16, 49, 50, 51, 52, 53, 67, 68, 69]
1746	[]
1747	[64, 65, 66, 67, 68]
1748	[]
1749	[]
1750	[]
1751	[94, 95, 96, 97, 98, 99]
1752	[11, 12]
1753	[]
1754	[]
1755	[98, 99, 100, 101]
1756	[]
1757	[]
1758	[]
1759	[]
1760	[60, 61, 62, 63, 65, 66, 68, 69, 70, 71, 72, 96, 97, 98, 99, 100, 101]
1761	[37, 38, 39, 40, 41, 42, 43, 44, 47, 48, 49, 50, 51, 63, 64, 65, 66, 67, 68, 69, 70]
1762	[]
1763	[]
1764	[]
1765	[]
1766	[]
1767	[]
1768	[7, 8, 9, 10, 11, 12, 14, 15, 16, 17, 18, 19, 21, 22]
1769	[]
1770	[44, 45, 46, 47, 48]
1771	[10, 11, 13, 14, 15, 17, 18, 20, 21, 28, 29, 30]
1772	[]
1773	[]
1774	[]
1775	[]
1776	[]
1777	[11, 12, 13]
1778	[]
1779	[91, 92, 93, 98, 99, 100, 102, 103, 104, 105]
1780	[]
1781	[]
1782	[]
1783	[]
1784	[]
1785	[]
1786	[]
1787	[]
1788	[]
1789	[10, 11, 12, 30, 31, 32, 33, 34, 35, 56, 57, 58, 59, 60, 62, 63, 64, 65, 66, 67, 68, 69]
1790	[]
1791	[7, 8, 9, 10, 11, 12, 13, 14]
1792	[]
1793	[13, 14, 15, 16, 17, 19, 20, 21, 22]
1794	[]
1795	[]
1796	[]
1797	[]
1798	[0, 1, 2, 3]
1799	[]
1800	[]
1801	[]
1802	[]
1803	[]
1804	[]
1805	[]
1806	[0]
1807	[7, 8, 9, 10, 22, 23]
1808	[]
1809	[]
1810	[]
1811	[35, 36, 37, 39, 40, 66, 67, 68, 69, 70, 71, 100, 101, 102, 103, 104, 105, 106]
1812	[]
1813	[]
1814	[8, 9, 10, 11, 29, 30, 31, 32]
1815	[7, 8, 9, 10, 11, 12, 13]
1816	[]
1817	[0, 1, 2, 3, 4]
1818	[]
1819	[]
1820	[]
1821	[]
1822	[]
1823	[]
1824	[]
1825	[]
1826	[0, 1, 2, 21, 22, 23]
1827	[]
1828	[]
1829	[]
1830	[]
1831	[]
1832	[0, 1]
1833	[25, 26, 27, 28, 29, 30, 31, 34, 35, 36, 37, 38, 60, 61, 62, 63, 64]
1834	[]
1835	[]
1836	[]
1837	[]
1838	[39, 40, 41, 42, 43, 44, 45, 62, 63, 64, 65, 66, 67, 68, 69]
1839	[]
1840	[62, 63, 64]
1841	[32]
1842	[]
1843	[]
1844	[]
1845	[]
1846	[]
1847	[0]
1848	[]
1849	[0, 1, 2, 3, 4, 6, 7, 9, 10, 11, 12, 13, 14, 15, 16]
1850	[]
1851	[]
1852	[]
1853	[7, 8, 9, 10, 11, 12, 13, 14, 15]
1854	[]
1855	[13, 14, 15, 16, 17, 18, 19]
1856	[114, 115, 116]
1857	[]
1858	[]
1859	[29, 30, 31, 32, 33, 34, 35]
1860	[]
1861	[]
1862	[]
1863	[21, 22, 23, 24, 25, 26, 28, 29, 30, 32, 33, 34, 35, 36, 37, 39, 40, 41, 43, 44, 45, 46, 47, 48]
1864	[]
1865	[]
1866	[]
1867	[13, 14, 15, 16, 50, 51, 52, 53, 54, 56, 57, 58, 59, 61, 62, 63, 64, 66, 67]
1868	[]
1869	[]
1870	[]
1871	[]
1872	[]
1873	[]
1874	[]
1875	[]
1876	[]
1877	[]
1878	[]
1879	[]
1880	[]
1881	[]
1882	[]
1883	[]
1884	[]
1885	[]
1886	[]
1887	[]
1888	[36, 37, 38, 39]
1889	[]
1890	[]
1891	[21, 22, 23, 24]
1892	[]
1893	[0, 1, 2]
1894	[]
1895	[]
1896	[]
1897	[]
1898	[0, 1, 2, 3, 4, 7, 8, 9, 10, 11, 12, 13, 31, 32, 33, 41, 42, 61, 62, 63, 64, 65, 67, 68, 69, 70, 71, 72]
1899	[]
1900	[0, 1]
1901	[18, 19, 20, 21, 23, 24, 25, 26, 27, 28]
1902	[0, 1, 2, 3, 4, 5, 6, 7, 8, 26, 27, 28, 29, 31, 32, 33, 34, 36, 37, 38, 39, 40, 42, 43, 44, 45, 46]
1903	[]
1904	[]
1905	[]
1906	[]
1907	[]
1908	[106, 107, 108, 109, 110, 111, 112, 113, 114, 154, 155, 156, 157, 158, 159, 160, 161, 162, 163, 221, 222, 223, 224, 225, 226, 227, 228, 229]
1909	[]
1910	[]
1911	[]
1912	[25, 26, 27, 28, 29, 30, 31, 32, 33, 34, 35]
1913	[]
1914	[]
1915	[9, 10, 11, 12, 13, 14]
1916	[]
1917	[0, 1, 2, 3, 4, 5, 6]
1918	[4]
1919	[]
1920	[5, 6, 7, 8, 9]
1921	[]
1922	[]
1923	[0, 1, 2, 3, 4, 21, 22, 23, 24, 25, 36, 37, 38, 39]
1924	[]
1925	[8, 9, 10, 11, 12, 13, 14]
1926	[8, 9, 10]
1927	[]
1928	[]
1929	[]
1930	[]
1931	[19, 20, 21, 22, 23]
1932	[]
1933	[]
1934	[]
1935	[]
1936	[]
1937	[]
1938	[]
1939	[0, 1, 2, 3, 5, 6, 14]
1940	[]
1941	[58, 59, 60, 61]
1942	[]
1943	[6, 7, 8, 9, 10, 11, 13, 14]
1944	[55]
1945	[]
1946	[19, 20, 21, 22, 23]
1947	[]
1948	[]
1949	[]
1950	[]
1951	[]
1952	[17, 18, 19, 20]
1953	[]
1954	[]
1955	[]
1956	[]
1957	[10, 11, 12, 13, 14, 15, 16, 17, 18, 19]
1958	[]
1959	[]
1960	[]
1961	[]
1962	[15, 16, 17, 18, 19, 20, 21, 22, 23, 48, 49, 50, 51, 57, 58, 59, 60]
1963	[]
1964	[]
1965	[]
1966	[]
1967	[21, 22]
1968	[0, 1, 2, 3, 4, 5]
1969	[25, 26, 27, 28]
1970	[]
1971	[4, 5, 6, 7, 22, 23, 24, 25]
1972	[]
1973	[]
1974	[4, 5, 6, 7, 8, 9, 11, 12, 13, 14, 15, 16, 17, 18]
1975	[]
1976	[]
1977	[]
1978	[]
1979	[8, 9, 10, 11, 12, 65, 66, 67, 68]
1980	[]
1981	[]
1982	[]
1983	[0, 1, 2, 3, 4]
1984	[]
1985	[]
1986	[]
1987	[]
1988	[]
1989	[125, 135, 136, 137, 138, 139, 140, 141, 182, 183, 184, 185, 186]
1990	[35, 36, 37, 38, 39, 40, 41]
1991	[]
1992	[21, 22, 23, 24, 26, 27, 28, 29, 31, 32, 33, 34, 35, 36, 37, 39, 40, 41, 42, 43, 44, 45, 46, 47, 48, 49, 77, 78, 79, 80, 82, 83, 84, 85]
1993	[56, 57, 58]
1994	[0, 1, 2, 3, 4, 6, 7, 8, 9, 10, 11]
1995	[]
1996	[]
1997	[23, 24, 25, 26, 27, 28, 29, 31, 32, 33, 34]
1998	[]
1999	[]
2000	[24, 25, 38, 39, 40, 41, 42]
2001	[43, 44, 45, 46, 47, 48, 49, 50, 51, 52, 54, 55, 56, 57, 60, 61, 62, 63, 64, 65]
2002	[]
2003	[]
2004	[]
2005	[15, 16, 17, 18, 19, 66, 67, 68, 69, 70, 72, 73, 74, 75, 76, 77, 78]
2006	[]
2007	[19, 20, 21, 22]
2008	[32, 33, 34, 39, 40, 41, 43, 44, 45, 46]
2009	[]
2010	[]
2011	[]
2012	[]
2013	[19, 20, 21, 22, 23, 83, 146, 147, 148, 149, 150, 151]
2014	[]
2015	[]
2016	[]
2017	[38, 39, 40, 41, 42, 43, 44, 45]
2018	[]
2019	[]
2020	[]
2021	[]
2022	[]
2023	[43, 44, 45, 46]
2024	[]
2025	[]
2026	[]
2027	[]
2028	[0, 1, 2, 3]
2029	[]
2030	[]
2031	[]
2032	[]
2033	[]
2034	[]
2035	[6, 7, 8, 9, 10, 11, 12, 13, 14, 15, 16, 17, 18, 38, 39, 40, 41, 42, 43, 62, 63, 64, 65, 66, 67, 69, 70, 71, 72, 73, 74]
2036	[]
2037	[]
2038	[23, 24, 25, 26, 27, 28, 30, 31, 32, 33, 34, 35]
2039	[]
2040	[]
2041	[]
2042	[]
2043	[]
2044	[]
2045	[16, 17, 18, 19, 20, 34, 35, 36, 37, 38, 39, 40, 46, 47, 48, 49, 50, 51, 69, 70, 71, 72, 73, 75, 76, 77, 78]
2046	[]
2047	[]
2048	[]
2049	[45, 46, 47, 48, 49, 50, 51, 52]
2050	[]
2051	[0, 1, 2, 3, 4]
2052	[5, 6, 7, 8, 29, 30]
2053	[]
2054	[]
2055	[]
2056	[0, 1, 2, 3, 4, 5, 7, 8, 9, 10]
2057	[]
2058	[]
2059	[20, 21, 22, 23, 24, 26, 27, 28, 29, 30]
2060	[]
2061	[49, 50, 51, 52, 53, 54, 55, 56, 57, 58, 59, 60, 61]
2062	[19, 20, 21, 22]
2063	[]
2064	[]
2065	[]
2066	[]
2067	[]
2068	[]
2069	[111, 112, 113, 114]
2070	[]
2071	[]
2072	[11, 12, 14, 15, 16]
2073	[]
2074	[]
2075	[56, 57, 58]
2076	[]
2077	[0, 1, 2, 3]
2078	[]
2079	[]
2080	[]
2081	[11, 12, 13]
2082	[]
2083	[]
2084	[]
2085	[]
2086	[34]
2087	[34, 35, 36, 37]
2088	[21, 22, 23, 24, 25, 26, 27, 29, 30]
2089	[]
2090	[]
2091	[]
2092	[9, 10, 11, 12, 13, 14, 15, 16]
2093	[]
2094	[]
2095	[]
2096	[44, 45, 47, 48]
2097	[9, 10, 11, 12, 13, 20, 21, 22, 23, 24, 26, 27, 39, 40, 41, 42, 43, 44, 45, 81, 82, 83, 84, 86, 87, 88, 89]
2098	[]
2099	[]
2100	[]
2101	[]
2102	[]
2103	[]
2104	[]
2105	[]
2106	[8, 9, 10, 11]
2107	[]
2108	[]
2109	[27, 28]
2110	[0, 1, 2, 3, 4, 5, 7, 8, 9, 10, 11, 13, 14, 15, 23, 24, 25, 26, 28, 29, 30, 31, 34, 35, 36, 45, 46, 47, 48, 50, 51, 52, 53]
2111	[8, 9, 10, 11, 12, 14, 15, 48, 49, 50, 51, 52, 53, 54]
2112	[24, 25, 26, 27, 28, 51, 52, 53, 54, 55, 56, 57, 58]
2113	[0, 1, 2, 3, 4, 5, 6, 7, 8, 9]
2114	[]
2115	[18, 19, 20, 21, 23, 24, 25, 26, 27, 28]
2116	[]
2117	[28, 29, 30, 31, 33, 34, 35, 36, 37, 38, 39, 52, 53, 54, 55, 57, 58, 59]
2118	[20, 21, 22, 23, 24, 25, 26, 27, 28]
2119	[0, 2, 3, 4]
2120	[]
2121	[]
2122	[9, 10, 11, 12, 13, 15, 16, 17, 18, 19]
2123	[]
2124	[]
2125	[]
2126	[]
2127	[54, 55, 56, 57, 58, 59]
2128	[3, 4, 5, 6, 7, 8, 22, 23, 24]
2129	[]
2130	[]
2131	[]
2132	[]
2133	[]
2134	[]
2135	[]
2136	[5, 6, 7, 8, 9, 10]
2137	[]
2138	[]
2139	[]
2140	[]
2141	[]
2142	[]
2143	[0, 1, 2, 3, 4, 5, 44, 45, 46, 47, 48]
2144	[]
2145	[]
2146	[]
2147	[]
2148	[0, 1, 2, 3, 4, 5, 6, 7, 8, 9, 10, 12, 13, 14, 33, 34, 35, 36, 37, 38, 39, 40, 41]
2149	[16, 17, 18]
2150	[89]
2151	[]
2152	[]
2153	[]
2154	[]
2155	[84, 85, 86, 87, 88, 89, 90, 91, 92, 93]
2156	[]
2157	[4, 5, 6, 7, 8, 9, 10]
2158	[]
2159	[]
2160	[]
2161	[]
2162	[]
2163	[]
2164	[]
2165	[]
2166	[]
2167	[]
2168	[]
2169	[]
2170	[]
2171	[]
2172	[]
2173	[]
2174	[0, 1, 2, 3, 4, 5, 7, 8, 9, 10, 11, 12, 13, 14]
2175	[]
2176	[]
2177	[]
2178	[]
2179	[]
2180	[]
2181	[]
2182	[]
2183	[]
2184	[0, 1, 2, 3, 4, 5, 6]
2185	[]
2186	[]
2187	[29, 30, 31, 32, 33, 34, 35, 36, 37, 38, 39]
2188	[]
2189	[14, 15, 16, 17, 18, 19, 20, 21]
2190	[]
2191	[]
2192	[]
2193	[0, 1, 2, 3, 4, 5, 6, 7, 8]
2194	[]
2195	[5, 6, 7, 8, 9, 10, 11, 12, 13]
2196	[]
2197	[]
2198	[]
2199	[]
2200	[]
2201	[]
2202	[]
2203	[0, 1, 2]
2204	[]
2205	[]
2206	[]
2207	[]
2208	[]
2209	[7, 8, 9, 10]
2210	[]
2211	[]
2212	[]
2213	[]
2214	[]
2215	[]
2216	[]
2217	[]
2218	[]
2219	[18, 19]
2220	[]
2221	[]
2222	[]
2223	[]
2224	[]
2225	[58, 59, 60, 61]
2226	[]
2227	[]
2228	[4, 5, 6, 7, 8, 10, 11, 12, 13, 14, 15, 16, 17, 40, 41, 42, 43, 44]
2229	[]
2230	[]
2231	[]
2232	[]
2233	[]
2234	[]
2235	[]
2236	[]
2237	[]
2238	[]
2239	[]
2240	[5, 6, 7, 9, 10, 11]
2241	[]
2242	[]
2243	[]
2244	[]
2245	[]
2246	[]
2247	[]
2248	[]
2249	[]
2250	[5, 6, 7, 8, 9, 10, 11, 20, 21, 22, 23, 24, 57, 58, 59, 60, 61]
2251	[]
2252	[25, 26, 27, 28, 29, 30, 31, 32, 33, 34, 63, 64, 65, 66]
2253	[0, 1, 2, 3, 4, 43, 44, 45]
2254	[]
2255	[]
2256	[]
2257	[]
2258	[]
2259	[0, 1, 3, 4, 5]
2260	[]
2261	[]
2262	[]
2263	[30, 31, 32, 33, 34, 35, 36, 37]
2264	[]
2265	[]
2266	[23, 24, 25, 26, 27, 28, 30, 31, 32, 33, 34, 36, 37, 38, 50, 51, 52, 53, 54, 56, 57, 58, 59]
2267	[]
2268	[]
2269	[]
2270	[]
2271	[]
2272	[]
2273	[0, 1, 2, 3, 4, 5, 6, 7]
2274	[]
2275	[]
2276	[]
2277	[]
2278	[]
2279	[]
2280	[]
2281	[]
2282	[]
2283	[43, 44, 45, 46, 47, 51, 52]
2284	[]
2285	[]
2286	[]
2287	[0, 1, 2]
2288	[6, 7, 8, 9, 10, 11, 12, 13, 14, 15, 16, 17]
2289	[]
2290	[]
2291	[]
2292	[]
2293	[]
2294	[92, 93, 94, 95, 97, 98, 99, 100]
2295	[]
2296	[28, 29, 30, 31, 32, 80, 81, 82, 83, 84, 85]
2297	[63, 64, 65, 66, 67, 69, 70, 71, 72, 73]
2298	[9, 10, 11, 12, 15, 16, 17, 18, 20, 21, 22, 23, 24, 25, 26]
2299	[]
2300	[63, 64, 65, 66, 104, 105, 106, 107, 108]
2301	[]
2302	[0, 19, 21]
2303	[2, 3, 4, 5]
2304	[]
2305	[]
2306	[]
2307	[]
2308	[]
2309	[0, 1, 2, 3, 4, 30, 31, 32, 33, 34]
2310	[]
2311	[27, 28, 29, 30, 32, 33, 34]
2312	[]
2313	[]
2314	[16, 17, 18, 19, 21, 22, 23, 24, 25, 79, 80, 81, 82, 83, 84, 85]
2315	[19, 20, 21, 22, 23, 24, 25, 26, 27, 28, 29, 30, 31, 32]
2316	[]
2317	[]
2318	[]
2319	[]
2320	[24, 25, 26]
2321	[16, 17, 18, 19, 20, 21, 22, 23, 24]
2322	[]
2323	[]
2324	[]
2325	[]
2326	[7, 8]
2327	[]
2328	[]
2329	[]
2330	[4, 5, 6, 7, 8, 9, 10, 11, 12, 25, 26, 27, 29, 34, 35, 36, 37, 52, 53, 54, 55, 58, 60, 61, 62, 63, 64, 66, 67, 68, 69, 71, 72, 73, 74]
2331	[]
2332	[]
2333	[]
2334	[]
2335	[]
2336	[]
2337	[29, 30]
2338	[0]
2339	[]
2340	[]
2341	[]
2342	[]
2343	[49, 50]
2344	[11, 13, 14, 15, 16, 17, 18, 34, 35, 36, 37, 38, 39, 41, 42, 43]
2345	[0, 1, 2, 3, 4, 5, 6, 7, 17, 18, 19, 20, 21, 23, 24, 25, 26, 28, 29, 30, 31, 32, 33, 34, 35, 53, 54, 55, 56, 57]
2346	[37, 38, 39, 40, 41, 43, 44, 45, 46, 47]
2347	[]
2348	[]
2349	[]
2350	[]
2351	[]
2352	[26, 27, 28, 29, 30, 31, 32]
2353	[16, 17, 18, 19, 20, 21, 22]
2354	[5, 6]
2355	[]
2356	[41, 42, 43, 44]
2357	[72, 73, 74, 75, 76, 77, 78, 80, 81, 82, 83, 146, 147, 148, 149, 150, 151]
2358	[]
2359	[26, 27, 28, 29]
2360	[]
2361	[]
2362	[]
2363	[]
2364	[]
2365	[]
2366	[]
2367	[15, 16, 17, 18, 19, 20, 21]
2368	[14, 15, 16, 17, 43, 44, 45, 46, 47, 48]
2369	[]
2370	[]
2371	[]
2372	[]
2373	[]
2374	[]
2375	[55, 56, 57, 58, 80, 81]
2376	[]
2377	[43, 44, 45, 46, 47, 48]
2378	[18, 19, 20, 21, 22, 23]
2379	[]
2380	[]
2381	[]
2382	[0, 1, 2, 4, 5, 6, 7, 8, 9, 31, 32, 33, 34, 35, 62, 63, 64]
2383	[]
2384	[14, 15, 27, 28, 29, 30, 65, 66, 67, 68, 69, 93, 94, 95]
2385	[]
2386	[0, 1, 2, 3, 4, 5, 6, 7, 8, 9]
2387	[19, 20, 21, 22, 24, 25, 26, 27, 28, 29, 52, 53, 54, 55, 56, 57]
2388	[4, 5, 6, 7, 8, 9, 11, 12, 13, 14, 15]
2389	[]
2390	[62, 63, 64]
2391	[]
2392	[]
2393	[]
2394	[]
2395	[]
2396	[]
2397	[]
2398	[]
2399	[]
2400	[]
2401	[]
2402	[26, 27, 28, 29, 38, 39, 40, 41, 42, 43, 44, 46, 47, 48, 49]
2403	[9, 10, 11]
2404	[]
2405	[19, 20, 34]
2406	[]
2407	[71, 72, 73, 74, 75, 77, 78, 79, 80, 81]
2408	[]
2409	[]
2410	[]
2411	[]
2412	[]
2413	[]
2414	[40, 41]
2415	[]
2416	[]
2417	[]
2418	[]
2419	[17, 18, 19, 34, 35, 36, 37, 38]
2420	[]
2421	[]
2422	[]
2423	[]
2424	[]
2425	[]
2426	[]
2427	[124, 125, 126, 127]
2428	[]
2429	[]
2430	[5, 6, 7, 8, 9, 10, 27, 28, 29, 30, 31, 33, 34, 35, 36]
2431	[21, 22, 23, 24, 25, 26, 27, 28, 33, 34, 35]
2432	[38, 39, 40, 41, 42, 43, 44]
2433	[]
2434	[]
2435	[12]
2436	[30, 31, 32]
2437	[201, 202, 203, 204, 205, 206, 207, 208, 211, 226, 227, 252, 253, 255, 256, 258, 259, 260]
2438	[239, 240, 241]
2439	[40, 41, 42]
2440	[]
2441	[]
2442	[]
2443	[]
2444	[]
2445	[11, 12, 13, 14, 15, 16, 17]
2446	[]
2447	[20, 21, 22, 23, 24, 25, 26, 27, 30, 31, 32, 34, 35, 36, 37, 38, 41, 42, 43, 44, 46, 47, 48, 49, 50, 57, 58, 59]
2448	[]
2449	[]
2450	[]
2451	[]
2452	[]
2453	[]
2454	[]
2455	[]
2456	[]
2457	[]
2458	[0, 1, 2, 3, 4, 5, 85, 86, 87, 88, 89, 90]
2459	[]
2460	[]
2461	[]
2462	[18, 19, 20, 21, 22, 44, 45, 46, 47, 48, 49, 50]
2463	[15, 16, 17, 18, 19]
2464	[]
2465	[13, 14, 15, 16, 17, 18, 19, 30, 31, 32, 33, 34, 35, 36, 37]
2466	[]
2467	[]
2468	[]
2469	[]
2470	[]
2471	[39, 40, 41, 42, 43, 44, 45, 46, 47, 48]
2472	[]
2473	[29, 30, 31, 32, 33, 34, 35, 36, 37]
2474	[37, 38, 39, 40, 63, 64, 65, 66, 67, 68, 69, 70, 71, 73, 74, 75, 76]
2475	[4, 5, 6, 7, 8, 10, 11, 12, 13, 40, 41, 42, 43, 44, 52, 53, 54, 55, 56, 57, 58]
2476	[]
2477	[]
2478	[]
2479	[0, 1, 2, 3, 4, 6, 7, 8, 9, 10, 12, 13, 14, 15, 16, 17]
2480	[0, 1, 2, 3, 4]
2481	[12, 13, 14]
2482	[23, 24, 25, 26, 28, 29, 30, 31, 38, 39, 40, 41]
2483	[]
2484	[]
2485	[0, 1, 2, 3, 19, 20, 21, 22, 23, 24, 25, 46, 47, 48, 49, 50, 51]
2486	[]
2487	[]
2488	[]
2489	[]
2490	[]
2491	[7, 8, 9, 10, 11, 12, 13, 38, 39, 40, 41, 42, 44, 45, 46, 47, 48, 50, 51, 52]
2492	[9, 10, 11]
2493	[31, 32, 33, 34, 35, 112, 113, 114, 115, 116]
2494	[]
2495	[]
2496	[]
2497	[]
2498	[4, 5, 6, 7]
2499	[22, 23, 24]
2500	[]
2501	[9]
2502	[]
2503	[]
2504	[18, 19]
2505	[]
2506	[]
2507	[]
2508	[]
2509	[]
2510	[]
2511	[]
2512	[]
2513	[]
2514	[5, 6, 8, 9]
2515	[]
2516	[0, 1, 2, 3, 5, 6, 7, 8, 9]
2517	[]
2518	[17, 18, 19, 20, 21, 23, 24]
2519	[]
2520	[233, 234, 235]
2521	[]
2522	[]
2523	[17, 19, 20]
2524	[]
2525	[]
2526	[20, 21, 22]
2527	[]
2528	[]
2529	[]
2530	[]
2531	[]
2532	[0, 1, 2, 3, 4, 5, 6, 7]
2533	[]
2534	[16, 17, 18, 19]
2535	[]
2536	[0, 1, 2]
2537	[]
2538	[]
2539	[5, 6, 7, 8, 9, 10, 11, 12, 13, 14, 15]
2540	[]
2541	[39, 40, 41, 42, 43, 129, 130, 131, 132]
2542	[3, 4, 5, 6, 9, 10, 11, 12, 13, 15, 16, 17, 18, 19, 20, 21, 22]
2543	[]
2544	[]
2545	[]
2546	[]
2547	[]
2548	[]
2549	[]
2550	[]
2551	[]
2552	[]
2553	[]
2554	[]
2555	[]
2556	[]
2557	[]
2558	[]
2559	[]
2560	[]
2561	[]
2562	[]
2563	[6, 7, 8, 9, 10, 11, 12, 13, 14, 15]
2564	[]
2565	[]
2566	[]
2567	[]
2568	[]
2569	[]
2570	[]
2571	[]
2572	[0]
2573	[]
2574	[26, 27, 28, 42, 43, 44]
2575	[]
2576	[]
2577	[]
2578	[]
2579	[7, 8, 9, 10, 11, 12, 42, 43, 44, 45, 46, 47]
2580	[38, 39, 40, 41, 42, 43, 44]
2581	[]
2582	[]
2583	[0, 1, 2, 38, 39, 40, 41]
2584	[0, 1, 2, 3, 4, 5, 6, 8, 9, 10, 11, 12, 13, 15, 16]
2585	[]
2586	[]
2587	[]
2588	[]
2589	[]
2590	[]
2591	[]
2592	[]
2593	[0, 1, 2, 3, 4, 5, 6]
2594	[]
2595	[]
2596	[]
2597	[41, 42, 43, 44, 45]
2598	[0, 1, 2, 3, 4, 5, 6, 7, 8, 9]
2599	[14, 15, 16, 17, 18, 20, 21, 22, 24, 25, 26, 27]
2600	[]
2601	[]
2602	[]
2603	[]
2604	[4, 5, 6, 7]
2605	[56, 57, 58, 59]
2606	[4, 5, 6, 7]
2607	[]
2608	[]
2609	[]
2610	[]
2611	[4, 5, 6, 7, 8, 9, 10, 11, 12, 13, 14, 15, 16, 17, 18, 23, 24, 25, 26, 28, 29]
2612	[]
2613	[]
2614	[22, 23]
2615	[]
2616	[]
2617	[]
2618	[]
2619	[]
2620	[]
2621	[21, 22, 23, 24]
2622	[]
2623	[]
2624	[]
2625	[]
2626	[36, 37, 38, 39]
2627	[]
2628	[10, 11, 12, 13, 14]
2629	[14, 15, 16, 17, 18, 20, 21, 22, 23, 24, 25, 26, 27, 47, 48, 60, 61, 62, 63, 64, 66, 67, 69, 70, 71, 72]
2630	[]
2631	[37, 38, 39, 40, 58, 59, 60, 61, 62, 63, 64, 65]
2632	[]
2633	[]
2634	[9, 10, 11, 12, 14, 15, 16, 17]
2635	[]
2636	[0, 2, 3, 4]
2637	[30, 31, 32, 33, 34, 35, 36, 37, 38, 39, 40, 41]
2638	[15, 16, 17, 18, 19, 21, 22, 23]
2639	[77, 78, 79, 81, 82, 83, 84, 85, 86, 87, 88, 123, 124, 125, 126, 127, 128]
2640	[91, 92, 93, 94, 105, 106, 107, 108, 109, 110, 111]
2641	[]
2642	[]
2643	[6, 7, 8, 9, 38, 39, 40, 41, 42, 52, 53, 54, 55, 56, 57, 58, 61, 62, 63, 64, 65, 66, 67, 76, 77, 78, 79, 80]
2644	[]
2645	[]
2646	[]
2647	[]
2648	[]
2649	[]
2650	[]
2651	[]
2652	[]
2653	[]
2654	[]
2655	[]
2656	[]
2657	[]
2658	[]
2659	[0, 1, 2, 3, 4]
2660	[]
2661	[]
2662	[]
2663	[]
2664	[]
2665	[]
2666	[90, 91, 92, 93, 94]
2667	[]
2668	[19, 20, 22, 23, 24, 25, 26, 27, 28, 39, 40, 41, 42, 43, 60, 61, 62, 63]
2669	[]
2670	[2]
2671	[]
2672	[]
2673	[]
2674	[]
2675	[]
2676	[]
2677	[]
2678	[21, 22, 23, 24]
2679	[]
2680	[]
2681	[]
2682	[]
2683	[]
2684	[]
2685	[]
2686	[21, 22, 23, 24, 25, 26]
2687	[42, 43, 44, 45, 46]
2688	[]
2689	[]
2690	[]
2691	[]
2692	[3, 4, 5, 6, 7, 8, 26, 27, 28]
2693	[]
2694	[]
2695	[30, 31, 32, 33]
2696	[4, 5, 6, 7, 8, 9]
2697	[26, 27, 28, 29, 30, 31]
2698	[]
2699	[0, 1, 2, 3, 5, 6, 7, 8, 10, 11, 12, 13, 14, 46, 47, 48, 49, 50, 52, 53, 54]
2700	[]
2701	[]
2702	[]
2703	[110, 111, 112, 113, 114, 115, 138, 139, 140, 141]
2704	[15, 16, 17, 18, 19, 20, 21, 22, 23, 24, 25, 26, 27]
2705	[]
2706	[88, 89, 90, 91, 92]
2707	[]
2708	[]
2709	[]
2710	[58, 59, 60, 61, 62, 63, 64]
2711	[]
2712	[]
2713	[]
2714	[]
2715	[]
2716	[]
2717	[0, 1, 2, 3, 4, 5, 24, 25]
2718	[18, 19, 20, 21, 22, 23, 24, 25, 26, 27, 28, 29, 48, 49, 50, 51, 52, 53, 54, 80, 81, 82, 83, 84, 85, 86, 87, 88, 110, 111, 112, 113, 114, 115, 116, 117]
2719	[24, 25]
2720	[]
2721	[43, 44, 45, 46, 55, 56, 57, 58, 59, 61, 62]
2722	[]
2723	[]
2724	[]
2725	[]
2726	[4, 5, 6]
2727	[]
2728	[0, 1, 2, 3, 4, 5, 7, 8, 9, 10, 11, 13, 14, 15, 16, 38, 39, 40, 41]
2729	[]
2730	[]
2731	[]
2732	[]
2733	[]
2734	[]
2735	[]
2736	[10, 11, 12, 13, 14]
2737	[15]
2738	[]
2739	[]
2740	[0, 1, 2, 3, 4, 6, 7, 8]
2741	[]
2742	[]
2743	[]
2744	[]
2745	[]
2746	[4, 5, 6, 7, 8, 10, 11, 12, 13]
2747	[]
2748	[]
2749	[]
2750	[]
2751	[]
2752	[]
2753	[0, 1, 2, 3, 4, 5, 6, 19, 20, 21, 22, 23, 24, 50, 51, 52, 53, 55, 57, 58, 59, 60, 61, 62, 63, 64, 65, 66, 67, 68]
2754	[]
2755	[]
2756	[30, 31, 32, 33, 34, 35, 36]
2757	[3, 4, 5, 6, 7, 8, 10, 11, 12, 13, 14, 16, 17, 18, 19]
2758	[]
2759	[]
2760	[]
2761	[]
2762	[]
2763	[54, 55, 56, 57, 64, 65, 66, 67]
2764	[]
2765	[]
2766	[]
2767	[]
2768	[]
2769	[]
2770	[]
2771	[]
2772	[0, 19, 20, 21, 97, 98, 99, 100]
2773	[]
2774	[]
2775	[]
2776	[]
2777	[16, 17, 18, 25, 26, 27, 28, 29, 30, 31, 32, 33, 35, 36]
2778	[]
2779	[]
2780	[17, 18, 19, 20, 21, 51, 52, 53, 54, 55, 56]
2781	[]
2782	[]
2783	[]
2784	[41, 42, 43, 45, 46, 47, 48, 49, 50, 51]
2785	[9, 10, 11, 12, 13, 14]
2786	[]
2787	[]
2788	[]
2789	[]
2790	[14, 15, 16, 17, 18, 19, 20, 21, 22, 23, 24]
2791	[]
2792	[]
2793	[0, 1, 2, 3, 4, 5, 53, 54, 55, 56, 57, 59, 60, 61]
2794	[]
2795	[2, 3, 4, 5]
2796	[]
2797	[]
2798	[]
2799	[]
2800	[]
2801	[29, 30, 31, 32, 33, 34, 35, 36, 37]
2802	[12, 13, 14, 15, 16, 17]
2803	[5, 6, 7, 8, 9]
2804	[]
2805	[]
2806	[]
2807	[]
2808	[]
2809	[]
2810	[]
2811	[]
2812	[]
2813	[]
2814	[6, 7, 8, 9, 10, 11, 12, 27, 28, 29, 30, 32, 33, 34, 35, 36, 37, 38]
2815	[]
2816	[]
2817	[]
2818	[]
2819	[]
2820	[18, 19, 20]
2821	[]
2822	[]
2823	[12, 13, 14, 15, 16, 17]
2824	[]
2825	[33, 34, 35, 36]
2826	[]
2827	[0, 1, 2, 4, 5, 6, 7, 8, 9, 10]
2828	[0, 1, 2, 3, 4, 6, 7, 8, 9, 10]
2829	[0, 1, 2, 3, 4, 5, 19, 20, 21, 22, 23, 25, 26, 27, 28, 29]
2830	[]
2831	[]
2832	[]
2833	[]
2834	[28, 29]
2835	[]
2836	[]
2837	[]
2838	[]
2839	[]
2840	[]
2841	[]
2842	[]
2843	[]
2844	[]
2845	[]
2846	[]
2847	[]
2848	[]
2849	[]
2850	[]
2851	[]
2852	[7, 8]
2853	[]
2854	[47, 48]
2855	[]
2856	[]
2857	[]
2858	[]
2859	[]
2860	[]
2861	[]
2862	[]
2863	[20, 21, 22, 23]
2864	[]
2865	[]
2866	[]
2867	[23, 24, 25, 55, 56, 57, 59, 60]
2868	[]
2869	[]
2870	[]
2871	[]
2872	[]
2873	[12, 13, 14, 16, 17, 34, 35, 36]
2874	[]
2875	[]
2876	[]
2877	[]
2878	[]
2879	[]
2880	[]
2881	[]
2882	[19, 20]
2883	[]
2884	[]
2885	[]
2886	[]
2887	[]
2888	[0, 1, 2, 3]
2889	[]
2890	[]
2891	[]
2892	[]
2893	[]
2894	[]
2895	[30, 31, 32, 33, 34, 35, 36, 37]
2896	[]
2897	[26, 27, 28, 29, 30, 31, 32, 33]
2898	[1, 2, 3, 5, 6, 7, 8, 9, 10, 12, 13, 14, 15, 16, 52, 53, 54, 55, 56]
2899	[]
2900	[]
2901	[23, 24, 25, 26, 28, 29, 30, 31, 32, 34, 35, 36, 37, 38, 56, 57, 58, 59, 61, 62, 63, 64, 65, 73, 74, 75, 76, 77, 78]
2902	[]
2903	[0, 1, 2, 3, 5, 6, 7, 10, 11, 12, 13, 14, 15, 16, 17, 18, 19, 27, 28, 29, 30, 31, 32, 34, 35, 36, 37, 38, 39, 40, 41, 42, 51, 52, 53, 54, 55, 56, 57]
2904	[]
2905	[]
2906	[]
2907	[]
2908	[]
2909	[]
2910	[]
2911	[]
2912	[0, 1, 2, 3, 4, 20, 21, 22, 23, 71, 72, 73, 74, 75]
2913	[]
2914	[]
2915	[]
2916	[]
2917	[]
2918	[]
2919	[]
2920	[]
2921	[]
2922	[]
2923	[13, 14, 15, 16]
2924	[]
2925	[]
2926	[]
2927	[]
2928	[38, 39]
2929	[34, 35, 36, 37]
2930	[]
2931	[]
2932	[]
2933	[14, 15, 16]
2934	[]
2935	[]
2936	[]
2937	[]
2938	[]
2939	[]
2940	[]
2941	[]
2942	[]
2943	[]
2944	[]
2945	[]
2946	[]
2947	[]
2948	[]
2949	[]
2950	[]
2951	[]
2952	[]
2953	[]
2954	[]
2955	[]
2956	[18, 19, 20, 21, 22, 23]
2957	[0, 1, 2, 3, 4, 5, 6, 7, 25, 26, 27, 28, 29]
2958	[60, 61, 62, 63, 64, 105, 106, 107, 108, 109, 111, 112, 113]
2959	[]
2960	[]
2961	[]
2962	[]
2963	[]
2964	[]
2965	[]
2966	[]
2967	[]
2968	[]
2969	[]
2970	[]
2971	[8, 9, 10, 29, 30, 31, 32, 33]
2972	[11]
2973	[18, 19, 20, 22, 23]
2974	[]
2975	[13, 14, 15, 16, 18, 19, 20, 21]
2976	[29, 30, 31, 32, 51, 52, 53, 54, 55, 56, 57, 59, 60, 61, 62, 63, 64, 65]
2977	[]
2978	[24, 25, 26, 27]
2979	[]
2980	[]
2981	[60, 61, 62, 63, 64, 65, 66, 67, 115, 116, 117, 118, 119, 120, 121, 123, 124, 125, 126, 127, 128, 129, 130]
2982	[]
2983	[]
2984	[40, 41, 42, 43, 44, 45, 46]
2985	[]
2986	[29]
2987	[]
2988	[]
2989	[25, 32, 33, 34, 35, 36]
2990	[10, 11, 12, 13, 14, 15, 16, 17, 18, 19, 20, 54, 55, 56, 57, 58, 59, 60, 61, 62, 63, 64, 65, 66, 83, 84, 85, 86, 87, 88, 89]
2991	[]
2992	[]
2993	[]
2994	[3, 4, 5, 6, 7, 8, 9]
2995	[]
2996	[]
2997	[60, 61, 62, 63, 64, 65, 83, 84]
2998	[]
2999	[]
3000	[40, 41, 42, 43, 58, 59, 60, 61, 62]
3001	[]
3002	[]
3003	[]
3004	[]
3005	[]
3006	[]
3007	[]
3008	[17, 18, 19, 20, 21]
3009	[44, 45, 46, 47, 48, 49, 71, 72, 73, 74, 75, 76, 77, 78]
3010	[]
3011	[]
3012	[3, 4, 5, 6, 23, 24, 25, 26, 27, 40, 41, 42, 44]
3013	[]
3014	[]
3015	[]
3016	[6, 7, 8, 9, 10, 11]
3017	[5, 6, 7, 8, 10, 11, 12, 14, 15, 17, 36, 37, 38, 39, 40, 41, 42, 43, 44]
3018	[]
3019	[]
3020	[]
3021	[]
3022	[]
3023	[]
3024	[54, 55, 56, 57, 58]
3025	[]
3026	[]
3027	[]
3028	[]
3029	[]
3030	[0]
3031	[]
3032	[]
3033	[]
3034	[]
3035	[]
3036	[]
3037	[]
3038	[21, 22, 23, 24, 25, 26, 28, 29, 30, 31, 32, 33, 51, 52, 53]
3039	[]
3040	[]
3041	[]
3042	[]
3043	[4, 5, 6]
3044	[67, 68, 69, 70, 71, 72, 73, 74, 75]
3045	[]
3046	[]
3047	[]
3048	[]
3049	[]
3050	[]
3051	[12, 13, 14, 15, 16, 17, 55, 56, 57, 58, 59, 61, 62, 63, 64]
3052	[92, 93, 94]
3053	[]
3054	[34, 35, 36, 37, 38, 55, 56, 57, 58, 59]
3055	[20, 21, 22, 23, 24]
3056	[]
3057	[]
3058	[]
3059	[]
3060	[]
3061	[0, 1, 2, 3, 4, 5]
3062	[]
3063	[]
3064	[57, 192, 193]
3065	[]
3066	[7, 8, 9, 10, 11, 30, 31, 32, 33, 34, 35, 36, 38, 39, 40, 41, 42, 43]
3067	[]
3068	[24, 25, 26, 27, 28, 29, 30, 31, 32, 33, 34, 35, 36]
3069	[]
3070	[]
3071	[]
3072	[]
3073	[]
3074	[]
3075	[]
3076	[4, 5, 6, 7]
3077	[22, 23, 24, 25, 26, 28, 29, 30, 31]
3078	[]
3079	[]
3080	[]
3081	[]
3082	[27, 28, 29, 31, 32, 34, 35, 36, 37, 38, 39]
3083	[]
3084	[]
3085	[32, 33, 34]
3086	[]
3087	[]
3088	[0, 1, 2, 3, 4, 5, 6, 7, 32]
3089	[]
3090	[46, 47, 48]
3091	[28, 29, 30, 31, 41, 42, 43]
3092	[]
3093	[]
3094	[]
3095	[18, 19, 20, 21, 22, 23, 25, 26, 27, 28, 29]
3096	[]
3097	[]
3098	[69, 70, 71, 72, 82, 83, 84, 85, 86, 87, 106, 107, 108, 109, 110, 111, 112]
3099	[]
3100	[]
3101	[]
3102	[]
3103	[14, 15, 16, 17, 18, 19, 20, 21, 22, 23, 54]
3104	[6, 7, 8]
3105	[]
3106	[]
3107	[]
3108	[]
3109	[33, 34, 35, 36]
3110	[6, 7, 8, 9, 10]
3111	[]
3112	[]
3113	[]
3114	[0, 1, 2, 3]
3115	[]
3116	[]
3117	[]
3118	[]
3119	[5, 6, 7, 8]
3120	[]
3121	[]
3122	[]
3123	[]
3124	[]
3125	[]
3126	[]
3127	[0, 1, 2]
3128	[]
3129	[44, 45, 46, 47, 49, 50, 51]
3130	[0, 1, 2]
3131	[]
3132	[]
3133	[]
3134	[]
3135	[]
3136	[]
3137	[]
3138	[]
3139	[]
3140	[45, 46, 47, 48, 49, 50, 51, 52, 53, 54]
3141	[]
3142	[]
3143	[]
3144	[]
3145	[25, 26, 27, 28, 29, 30, 31, 32]
3146	[0, 1, 2, 3, 4, 5, 32, 33, 34, 35, 36, 37, 38, 39]
3147	[]
3148	[]
3149	[24, 25, 26]
3150	[]
3151	[]
3152	[14, 15, 16, 17, 18, 19, 20, 21, 23, 25]
3153	[]
3154	[]
3155	[0, 1, 2, 3, 4, 6, 7, 8]
3156	[]
3157	[]
3158	[]
3159	[]
3160	[]
3161	[]
3162	[]
3163	[]
3164	[]
3165	[]
3166	[41, 42, 43, 44, 45, 46, 47, 48]
3167	[]
3168	[66, 67]
3169	[]
3170	[]
3171	[]
3172	[3, 4, 5, 6, 8, 9, 10, 11]
3173	[]
3174	[]
3175	[57, 58, 59, 60]
3176	[]
3177	[]
3178	[5, 6, 7, 8, 22, 23, 25]
3179	[]
3180	[]
3181	[]
3182	[15, 16, 17, 18, 43, 44, 45, 46, 47, 48, 60, 61, 62, 63, 64, 65, 67, 68, 69]
3183	[]
3184	[]
3185	[0]
3186	[]
3187	[]
3188	[]
3189	[]
3190	[]
3191	[]
3192	[]
3193	[19, 20, 21, 22, 23, 24, 25, 26, 27, 29, 52, 53, 54, 55, 56]
3194	[17, 18, 20, 21, 22, 23, 24, 25, 26, 41, 42, 43, 44, 45, 46, 53, 54, 55]
3195	[]
3196	[]
3197	[12, 13, 14, 15]
3198	[]
3199	[23, 24, 25, 26, 27, 29, 30, 31, 47, 48, 49, 50, 51, 53, 54, 69, 70, 72, 73, 74, 75, 77, 78, 79, 80, 81, 82, 83, 84, 142, 143, 144, 145, 147, 148, 149, 150, 151, 152]
3200	[]
3201	[0, 1, 2, 3, 4, 30, 31, 32, 33, 34]
3202	[]
3203	[]
3204	[]
3205	[]
3206	[15, 16, 17, 18, 20, 21, 28, 29, 30, 31]
3207	[]
3208	[]
3209	[]
3210	[0, 1, 2, 3, 25, 26, 27, 28]
3211	[]
3212	[]
3213	[]
3214	[]
3215	[]
3216	[]
3217	[]
3218	[25, 26, 27, 46, 49, 92, 93, 94, 95]
3219	[]
3220	[]
3221	[]
3222	[]
3223	[]
3224	[]
3225	[]
3226	[]
3227	[]
3228	[]
3229	[]
3230	[]
3231	[]
3232	[]
3233	[12, 13, 14]
3234	[]
3235	[]
3236	[]
3237	[]
3238	[]
3239	[]
3240	[]
3241	[]
3242	[]
3243	[]
3244	[]
3245	[]
3246	[]
3247	[]
3248	[]
3249	[]
3250	[5, 6, 7, 8, 9, 10]
3251	[]
3252	[31, 32, 33, 34, 42, 43, 44, 45, 46, 47]
3253	[]
3254	[19, 20, 21, 22, 24, 25, 26, 27, 28, 29]
3255	[]
3256	[]
3257	[]
3258	[48, 49, 50]
3259	[]
3260	[]
3261	[32, 33, 34, 35, 37, 38, 39, 40]
3262	[]
3263	[]
3264	[]
3265	[]
3266	[]
3267	[12, 13, 15, 16, 17, 18]
3268	[]
3269	[]
3270	[]
3271	[]
3272	[14, 15]
3273	[]
3274	[0, 1, 2]
3275	[]
3276	[]
3277	[24, 25, 26, 27, 28, 29, 30, 31, 32]
3278	[0, 1, 2, 31, 32, 33, 34, 35, 36, 43]
3279	[3, 4, 5, 6, 7, 8, 9]
3280	[]
3281	[]
3282	[]
3283	[]
3284	[]
3285	[23, 24, 25]
3286	[]
3287	[27, 28, 29, 30, 31, 32]
3288	[]
3289	[]
3290	[33, 34, 35, 51, 52, 53, 54, 55, 57, 58, 59, 60, 61]
3291	[]
3292	[]
3293	[]
3294	[]
3295	[0, 1, 2, 3, 4, 5]
3296	[]
3297	[]
3298	[]
3299	[]
3300	[]
3301	[]
3302	[]
3303	[]
3304	[]
3305	[]
3306	[]
3307	[7, 8, 9, 10, 11, 12, 13, 14, 15, 16]
3308	[]
3309	[]
3310	[]
3311	[7, 8, 9, 41, 42, 43, 44]
3312	[]
3313	[]
3314	[]
3315	[18, 19, 20, 21, 22, 23, 24, 25]
3316	[0, 1, 2, 3, 4, 5, 61, 62, 63, 64, 65, 66, 67, 68, 69, 70]
3317	[]
3318	[]
3319	[]
3320	[29, 30, 31, 32, 33, 34, 54, 55, 56]
3321	[]
3322	[]
3323	[24, 25, 26, 27]
3324	[]
3325	[]
3326	[17, 18, 19, 20, 21, 22, 23, 24]
3327	[]
3328	[70, 71, 72, 73, 74, 75]
3329	[4]
3330	[]
3331	[]
3332	[]
3333	[]
3334	[]
3335	[7, 8, 9, 10, 11, 12, 13, 14, 16, 17, 18, 19, 20, 21, 23, 48, 49, 50, 51]
3336	[]
3337	[]
3338	[22, 23, 24, 25, 26, 27, 28, 29]
3339	[]
3340	[24, 25, 26, 27, 38, 39, 40, 41, 42, 43, 60, 61, 62, 63]
3341	[58, 59, 60, 61, 62, 63, 64]
3342	[]
3343	[65, 66, 67, 68, 69, 70, 71, 72, 73, 74, 75, 76, 77]
3344	[0, 1, 2, 3, 4, 5, 6, 7, 8]
3345	[8, 9, 10, 11, 12, 13, 14]
3346	[0, 1, 2, 3, 4, 6, 7, 8, 9, 44, 45, 46, 47, 48, 49]
3347	[]
3348	[]
3349	[]
3350	[20, 21, 22, 35, 36, 38, 39, 40, 41, 42, 77, 78, 79, 80, 81, 103, 104, 105, 106, 121, 122, 124, 125, 126, 167]
3351	[]
3352	[]
3353	[6, 7, 8, 16, 17, 18, 24, 26, 27, 28, 29, 30, 31, 32, 33]
3354	[]
3355	[]
3356	[]
3357	[]
3358	[]
3359	[]
3360	[]
3361	[]
3362	[]
3363	[15, 16, 17, 18, 19, 20, 21, 22, 23]
3364	[18, 19, 20, 21, 22, 23]
3365	[]
3366	[]
3367	[]
3368	[]
3369	[]
3370	[12, 13, 14, 15, 16, 17, 18, 19, 20]
3371	[33, 34, 35, 36, 37, 38, 39, 40, 41]
3372	[]
3373	[]
3374	[]
3375	[]
3376	[]
3377	[]
3378	[11, 12, 13, 14, 15, 16, 17]
3379	[]
3380	[]
3381	[]
3382	[]
3383	[]
3384	[]
3385	[]
3386	[]
3387	[]
3388	[]
3389	[]
3390	[36, 37, 39, 40, 60, 61, 63, 64, 66, 67, 69, 70, 109, 110, 111, 112, 113]
3391	[16, 17, 18]
3392	[]
3393	[]
3394	[]
3395	[]
3396	[0, 1, 2, 3, 4, 5, 6, 8, 9, 10, 11, 12, 13, 15, 16, 17, 18, 19, 20, 21, 22, 24, 25, 26, 27, 28]
3397	[]
3398	[28, 29, 30, 31, 32, 33, 34, 35, 36]
3399	[]
3400	[]
3401	[42, 43, 44, 45, 46, 47]
3402	[]
3403	[]
3404	[25, 26, 27, 28, 29, 31, 32, 33, 34, 36, 37]
3405	[]
3406	[12, 13, 14, 15, 16, 17, 18, 19, 21, 22, 23, 24, 25, 26]
3407	[15, 16, 17, 18, 19, 26, 27, 28, 37, 38, 39, 40, 41, 42]
3408	[]
3409	[]
3410	[47, 48, 49, 50, 52, 53, 54, 55, 56, 57, 58, 59, 60, 61, 62, 63, 64, 65, 66, 67, 74, 75, 76, 77, 78, 79, 80, 81, 82, 83, 84, 85]
3411	[112, 113, 114, 115, 150, 151, 152, 153]
3412	[20, 21, 22, 23, 25, 26, 27]
3413	[]
3414	[22, 23, 41, 42, 43, 44, 45, 46, 47, 48, 49, 50, 51, 52]
3415	[]
3416	[]
3417	[]
3418	[]
3419	[]
3420	[]
3421	[]
3422	[37, 38, 39, 40, 41, 42, 43, 44, 45, 46, 48, 49, 50, 51]
3423	[]
3424	[10, 11, 12, 13, 14]
3425	[]
3426	[18, 19, 20, 21]
3427	[]
3428	[0, 1, 2, 3, 4, 5, 6, 17, 18]
3429	[]
3430	[38, 39, 40, 41]
3431	[]
3432	[]
3433	[40, 41, 42, 43, 44, 45, 46]
3434	[]
3435	[]
3436	[]
3437	[72, 73, 74, 75, 76, 77]
3438	[89]
3439	[]
3440	[]
3441	[30, 31, 32]
3442	[]
3443	[0, 1, 2, 3, 4, 5, 21, 22, 23, 24, 25, 26, 27, 37, 38, 39, 40]
3444	[]
3445	[]
3446	[]
3447	[]
3448	[7, 8, 9, 10, 11, 28, 29, 30, 31, 32]
3449	[5, 6, 7, 8, 10, 11, 12, 13, 14, 15, 16, 18, 19, 20, 21, 22, 23, 25, 26, 27, 28, 30, 31, 32, 33, 34, 35, 66, 72, 73, 129, 130, 131, 132, 134, 135]
3450	[0, 1, 2, 3]
3451	[0, 1, 2, 3, 4, 5]
3452	[]
3453	[]
3454	[]
3455	[36, 37, 38, 39, 40, 41, 42, 43, 44, 45]
3456	[]
3457	[]
3458	[]
3459	[]
3460	[]
3461	[]
3462	[0, 1, 2, 3, 4, 5, 73, 74, 75, 84, 85, 86, 87, 88, 89, 96, 97, 98, 99, 100, 101, 158, 159, 160, 161, 162, 163, 164, 165, 188, 189, 190, 255, 256, 257]
3463	[]
3464	[]
3465	[]
3466	[]
3467	[21, 22, 23, 24, 25, 26, 27]
3468	[]
3469	[]
3470	[]
3471	[]
3472	[]
3473	[]
3474	[]
3475	[]
3476	[]
3477	[]
3478	[]
3479	[]
3480	[]
3481	[25, 26, 27, 28, 29, 30, 31, 32, 33, 34, 46, 47, 48, 49, 51, 52, 53, 54, 55, 56, 73, 74, 75, 76, 78, 79, 80, 81, 82]
3482	[]
3483	[]
3484	[]
3485	[]
3486	[8, 9, 10, 54, 55, 56, 57, 58, 60, 61, 115, 116, 117, 118, 119, 120, 122, 123]
3487	[]
3488	[4, 5, 6]
3489	[]
3490	[3, 4, 5, 7, 8, 9, 10, 11, 13, 14, 15, 16, 17, 18, 19, 20, 21]
3491	[5, 6, 7, 8, 9]
3492	[50, 51, 52, 53]
3493	[24, 25, 26, 27, 28, 29, 30, 31]
3494	[]
3495	[]
3496	[]
3497	[]
3498	[]
3499	[75, 76, 77, 78, 79]
3500	[]
3501	[]
3502	[]
3503	[15, 16, 17, 18, 20, 21, 22, 23, 24, 25, 26, 27, 41, 42, 43, 44, 58, 59, 60, 61, 62]
3504	[]
3505	[0, 1, 2, 3, 4, 5, 7, 8, 9, 10, 11, 12]
3506	[6, 7, 8, 9, 10]
3507	[]
3508	[42, 43, 44, 45, 46]
3509	[6, 7, 8, 9, 21, 22, 23, 24]
3510	[]
3511	[]
3512	[]
3513	[6, 7, 8, 9, 10, 11]
3514	[17, 18, 19, 20]
3515	[]
3516	[]
3517	[]
3518	[0, 1, 2, 3, 4, 5, 6, 7, 9, 10, 11, 12, 25, 26, 27, 40, 41, 42, 43, 44]
3519	[12, 13, 14, 15, 16, 17, 19, 20, 21, 22, 23, 24, 26, 27, 28, 29, 30, 31]
3520	[0, 1, 2]
3521	[]
3522	[]
3523	[25, 26, 27, 28, 29, 30, 31, 32, 33, 34, 35, 36, 38, 39, 40]
3524	[]
3525	[14]
3526	[]
3527	[0, 1, 2, 3, 4, 5, 6, 16, 17, 18, 19, 20]
3528	[5, 6, 7, 8, 9, 10, 11, 20, 21, 22, 23, 24, 25]
3529	[0, 1, 2, 3, 4, 5, 6, 7]
3530	[]
3531	[]
3532	[]
3533	[]
3534	[]
3535	[9, 10, 11, 12, 13, 14, 15]
3536	[]
3537	[]
3538	[]
3539	[]
3540	[9, 10, 11, 12, 13, 21, 22, 23, 24, 25, 26, 27, 28]
3541	[18, 19, 20, 21, 22, 23, 24, 25, 26, 27]
3542	[0, 1, 2, 16, 17, 64, 65, 66, 74, 75, 76, 77, 78, 79, 80]
3543	[]
3544	[]
3545	[]
3546	[]
3547	[7, 9, 10, 11, 12, 22, 29]
3548	[17, 18, 19, 20, 21, 22, 64, 65, 66, 67]
3549	[]
3550	[]
3551	[0, 1]
3552	[1, 2, 3]
3553	[]
3554	[]
3555	[]
3556	[]
3557	[22, 23, 24]
3558	[0, 1, 7]
3559	[]
3560	[0, 1, 2, 3, 42, 43, 44, 45, 46, 53, 54]
3561	[27, 28, 29, 30, 31]
3562	[]
3563	[]
3564	[]
3565	[]
3566	[]
3567	[6, 7, 8, 9, 10, 11]
3568	[]
3569	[]
3570	[25, 26, 27, 28, 30, 31, 32, 33, 34, 35]
3571	[]
3572	[]
3573	[]
3574	[0, 1, 2, 3, 4, 5, 20, 21, 22, 23, 24, 25, 26]
3575	[]
3576	[]
3577	[]
3578	[]
3579	[]
3580	[]
3581	[34, 35, 37, 38, 39]
3582	[]
3583	[]
3584	[47, 48, 49, 50, 51]
3585	[32, 33, 34]
3586	[]
3587	[]
3588	[]
3589	[51, 52]
3590	[]
3591	[0, 1, 2]
3592	[]
3593	[6, 7, 8, 9]
3594	[]
3595	[]
3596	[0, 1, 2, 3, 4, 5, 6, 7, 9, 10, 11, 13, 14, 15, 17, 18, 19, 21, 22, 23, 24]
3597	[52, 53, 54, 55, 56, 57]
3598	[]
3599	[]
3600	[]
3601	[]
3602	[]
3603	[]
3604	[]
3605	[]
3606	[0, 1, 2, 3, 4, 5, 6, 7, 8, 33, 34, 35]
3607	[]
3608	[]
3609	[]
3610	[]
3611	[4, 5, 6, 18, 19, 20, 21, 22, 23, 25, 26, 27, 28, 29]
3612	[]
3613	[]
3614	[0, 1, 2, 3, 5, 6, 7, 8, 9, 45, 46, 47, 48, 49, 50, 51, 52]
3615	[]
3616	[]
3617	[]
3618	[0, 1, 2, 3, 4, 5]
3619	[]
3620	[]
3621	[]
3622	[0, 1, 2]
3623	[]
3624	[43, 44, 45, 46, 47, 48, 49, 50, 51]
3625	[]
3626	[19, 20, 21, 22, 23]
3627	[]
3628	[]
3629	[]
3630	[52, 53, 54, 55, 65, 66, 67, 68, 69, 70, 71]
3631	[]
3632	[]
3633	[]
3634	[]
3635	[]
3636	[25, 26, 27, 28, 29, 30, 31, 32, 33, 55, 56, 57, 58, 59, 60, 66, 67, 68, 69, 70, 71, 72, 80, 81, 82, 83, 84, 85]
3637	[]
3638	[]
3639	[]
3640	[]
3641	[6, 7, 8, 9, 10, 11]
3642	[]
3643	[58, 59, 60, 61, 62, 63, 64, 65, 66, 67]
3644	[]
3645	[]
3646	[25, 26, 27, 28, 29, 30, 31]
3647	[]
3648	[]
3649	[]
3650	[]
3651	[]
3652	[]
3653	[16, 17, 18, 19]
3654	[]
3655	[42, 43, 44, 45, 46, 47]
3656	[]
3657	[]
3658	[13, 14, 15, 16]
3659	[]
3660	[21, 22, 23, 24]
3661	[]
3662	[]
3663	[]
3664	[42, 43]
3665	[]
3666	[]
3667	[12, 13, 14]
3668	[13, 14, 15]
3669	[]
3670	[]
3671	[]
3672	[71, 72, 73, 74]
3673	[]
3674	[]
3675	[]
3676	[]
3677	[]
3678	[]
3679	[]
3680	[]
3681	[]
3682	[]
3683	[]
3684	[68, 69, 70, 71]
3685	[]
3686	[]
3687	[86, 87, 88, 89, 90, 91]
3688	[]
3689	[]
3690	[]
3691	[]
3692	[]
3693	[]
3694	[]
3695	[]
3696	[0, 1, 3, 4, 5, 6, 8, 9, 10, 12, 13, 14, 15, 16, 17, 18, 29, 30, 31, 32]
3697	[]
3698	[]
3699	[]
3700	[]
3701	[]
3702	[34, 35]
3703	[33, 34, 35, 36, 37, 38, 79, 80, 81]
3704	[]
3705	[]
3706	[16, 17, 18, 19, 20, 21, 22, 23]
3707	[6, 7, 8, 9, 10, 11]
3708	[90, 91, 92, 93, 94, 95, 96, 97]
3709	[]
3710	[]
3711	[]
3712	[]
3713	[]
3714	[53, 54, 55]
3715	[20, 21, 22, 23, 24, 26]
3716	[]
3717	[8, 9, 10, 11, 13, 14, 15, 16, 17, 35, 36, 37, 38, 47, 48, 49]
3718	[]
3719	[]
3720	[28, 29, 30, 31, 33, 34, 35, 36, 38, 39, 40, 41, 42, 54, 55, 56, 57, 58, 59, 60]
3721	[16, 17, 18, 19, 29, 30, 31, 32, 33, 34, 35, 63, 64, 65, 66, 67, 68]
3722	[]
3723	[]
3724	[]
3725	[]
3726	[]
3727	[]
3728	[]
3729	[28]
3730	[]
3731	[]
3732	[]
3733	[0, 1, 2, 3, 4]
3734	[]
3735	[36, 37, 38, 39, 42, 43, 44, 45, 46, 47, 48]
3736	[]
3737	[]
3738	[]
3739	[]
3740	[]
3741	[]
3742	[]
3743	[]
3744	[]
3745	[18, 19, 20, 21]
3746	[]
3747	[]
3748	[]
3749	[9, 10, 11]
3750	[0, 1, 2, 3, 4, 18, 19, 20, 21, 39, 40, 41, 42, 44, 45, 46, 47, 48, 49, 50, 51, 53, 54, 55, 56, 57, 69, 70, 71, 72, 73, 74, 80, 81, 82, 83, 102, 103, 104, 105, 106, 118, 119, 120, 121, 122, 123, 124, 126, 127, 128, 129, 131, 132, 133, 134, 135, 141, 142, 143, 144, 145, 146, 147, 165, 166, 167, 168, 169, 170, 171, 177, 178, 179, 180, 188, 189, 190, 191, 192, 195, 196, 197, 212, 213, 214, 215, 224, 225, 226, 227, 228, 229]
3751	[]
3752	[]
3753	[0, 1, 2, 3, 4, 5, 6, 7, 28, 29, 30, 31, 32, 34, 35, 36]
3754	[]
3755	[]
3756	[]
3757	[10, 11, 12, 13, 14, 15, 16, 62, 63, 64, 65, 66, 67, 114, 115, 116, 117]
3758	[14, 15, 16, 17, 18, 21, 22, 23, 24, 26, 27, 28, 29, 42, 43, 44, 45, 46, 47, 48, 49, 50, 51, 52, 65, 66, 67, 68, 69, 70, 71, 250, 267, 268, 269, 270, 271, 273, 274]
3759	[]
3760	[36, 37, 38, 39, 53, 54, 55, 56, 57, 58]
3761	[19, 20, 21, 22, 23]
3762	[]
3763	[]
3764	[0, 1, 2, 3, 9, 10, 11, 36, 37, 38, 39, 40, 41, 42, 45, 46, 47, 54, 55, 61, 62, 63, 64, 65, 70, 71, 72, 78, 79, 80, 86, 87, 88, 89, 91, 92, 94, 95, 111, 112, 113, 114, 116, 117, 118, 119, 120, 137, 138, 139, 140, 141]
3765	[0]
3766	[]
3767	[15, 16, 17]
3768	[]
3769	[]
3770	[]
3771	[]
3772	[]
3773	[0, 8, 9, 10, 73, 74, 75, 76]
3774	[]
3775	[5, 6, 7, 8, 10, 11, 12, 13]
3776	[3, 4, 5, 6, 7, 46, 47, 48, 49, 50, 51, 52, 54, 55, 56, 57, 58]
3777	[]
3778	[]
3779	[]
3780	[0, 1, 2, 3, 4, 5, 7, 8, 9, 10, 12, 13, 14, 15, 24, 25, 26, 27, 29, 30, 31, 32, 33, 34]
3781	[33, 34, 35, 36, 37, 38]
3782	[0, 1, 2, 3, 4, 5, 6, 87, 88, 89, 90, 91, 92, 109, 110, 111, 112, 113]
3783	[9, 10, 11, 12, 13, 14, 15, 36, 37, 38, 39, 40, 41, 43, 44, 45, 46]
3784	[]
3785	[]
3786	[0, 1, 2, 4, 5, 6, 7]
3787	[]
3788	[12, 13, 14, 15, 16, 17, 18, 19, 20, 21, 23, 24, 25, 26, 38, 39, 40, 41, 42, 43, 44, 45, 47, 48, 49, 50, 51, 53, 54, 55, 56, 57, 58]
3789	[]
3790	[]
3791	[]
3792	[]
3793	[]
3794	[]
3795	[]
3796	[13, 14, 15, 16]
3797	[]
3798	[]
3799	[]
3800	[]
3801	[]
3802	[0, 1, 2, 4, 5, 6, 32]
3803	[]
3804	[3, 4, 5, 6]
3805	[0, 1, 2, 3, 4, 5, 6]
3806	[]
3807	[]
3808	[3, 4, 5, 6, 7, 8, 15, 16, 17, 18, 19, 21, 22, 23, 24, 25, 26, 27, 66, 67, 68, 69, 70, 71, 72, 74, 75, 76, 77, 78, 79]
3809	[]
3810	[]
3811	[]
3812	[0, 30, 31, 32, 33]
3813	[]
3814	[]
3815	[]
3816	[]
3817	[]
3818	[]
3819	[]
3820	[]
3821	[10, 11, 12, 13, 14, 15, 16, 17, 18, 19]
3822	[23, 24]
3823	[]
3824	[]
3825	[]
3826	[26, 27, 28, 29, 30, 31, 32]
3827	[]
3828	[]
3829	[]
3830	[]
3831	[]
3832	[21]
3833	[39, 40, 41, 42, 43, 44, 45, 62, 63, 64, 65, 66, 67, 68, 69]
3834	[]
3835	[]
3836	[]
3837	[]
3838	[]
3839	[24, 25, 26, 27, 121, 122, 123, 124, 125, 126, 127, 128]
3840	[9, 41, 42, 43, 44, 45, 46, 47, 48]
3841	[0, 1]
3842	[]
3843	[0, 1, 2, 3]
3844	[43, 44, 45, 46, 47]
3845	[]
3846	[]
3847	[27, 28, 29, 61, 62, 63, 64, 65, 66]
3848	[]
3849	[]
3850	[]
3851	[32, 33, 34]
3852	[8, 9, 10, 11, 12, 13, 14]
3853	[0, 1, 2, 3, 4, 5, 6, 7, 8, 9, 31, 32, 33]
3854	[35, 36, 37]
3855	[]
3856	[]
3857	[]
3858	[]
3859	[21, 22, 23, 24, 25, 26, 55, 56, 57, 58, 59, 60, 62, 63]
3860	[]
3861	[23, 24, 25, 26]
3862	[0, 1, 2, 3, 4, 5, 7, 8, 9, 10, 12, 13, 31, 32, 33, 34, 35, 36]
3863	[]
3864	[0, 1, 3, 4, 5]
3865	[]
3866	[]
3867	[]
3868	[]
3869	[]
3870	[64, 65, 66, 67, 68, 69]
3871	[]
3872	[9, 10, 11, 12, 13, 14, 16, 17, 18, 19, 20, 21, 22, 23, 24, 61, 62, 63, 64, 65, 66, 68, 69, 70, 71, 72, 73, 75, 76, 77, 78, 79, 80]
3873	[]
3874	[33, 34, 35, 36, 37]
3875	[16, 17, 18, 19, 20, 21]
3876	[]
3877	[]
3878	[]
3879	[]
3880	[]
3881	[]
3882	[]
3883	[24, 25, 26, 27]
3884	[]
3885	[22, 23, 25]
3886	[]
3887	[]
3888	[]
3889	[]
3890	[]
3891	[]
3892	[]
3893	[]
3894	[]
3895	[]
3896	[]
3897	[]
3898	[]
3899	[]
3900	[4, 5, 6, 7, 8, 9, 18, 19, 20, 21, 22, 23, 24, 27, 28, 29, 30, 31, 40, 41, 42]
3901	[10, 11, 12]
3902	[]
3903	[]
3904	[]
3905	[]
3906	[]
3907	[113, 114, 115, 116, 117, 118, 119, 120, 121]
3908	[]
3909	[]
3910	[]
3911	[]
3912	[]
3913	[]
3914	[]
3915	[]
3916	[13, 14]
3917	[52, 53, 54]
3918	[]
3919	[]
3920	[]
3921	[]
3922	[24, 25, 26, 27, 29, 30, 31, 32, 75, 76, 77, 120, 121, 122, 123, 124, 125, 126, 127, 128, 129]
3923	[]
3924	[]
3925	[]
3926	[16, 17, 18, 19]
3927	[7, 8, 9, 10, 11, 63, 64, 65, 66]
3928	[19, 20, 21, 22, 23, 45, 46, 47, 48, 49, 50, 52, 53, 54, 55, 56, 59, 60, 61, 62, 63, 64, 76, 77, 78, 79, 80]
3929	[]
3930	[]
3931	[]
3932	[]
3933	[]
3934	[]
3935	[]
3936	[]
3937	[]
3938	[]
3939	[]
3940	[]
3941	[]
3942	[]
3943	[16, 17, 18, 19, 32, 33, 34, 36, 37, 38, 39, 47, 48, 49, 50, 51, 75, 76, 77, 78, 79]
3944	[]
3945	[13, 14, 15, 16, 17, 27, 28, 29, 30, 31, 32, 34, 35, 36, 37, 38, 39, 52, 53, 54, 55, 56, 57, 59, 60, 61, 62, 63]
3946	[7, 8, 9, 10]
3947	[]
3948	[]
3949	[0, 2, 3, 4, 5]
3950	[]
3951	[]
3952	[14, 15, 16, 17, 18]
3953	[]
3954	[33, 34, 35, 36, 37, 38, 39, 65, 66, 67, 68, 69, 70]
3955	[]
3956	[]
3957	[]
3958	[17, 18, 19, 20, 21]
3959	[]
3960	[]
3961	[0, 1, 2, 3, 4, 6, 7, 8, 9, 10, 11, 22, 23, 24, 25, 26, 27, 28, 30, 31, 32, 33, 35, 36, 37, 38]
3962	[]
3963	[]
3964	[]
3965	[]
3966	[16, 17, 18, 19, 20, 21, 22, 23, 24]
3967	[]
3968	[22, 23, 24, 25, 26, 46, 47, 48, 49, 51, 52, 53, 54, 55, 56, 57]
3969	[]
3970	[]
3971	[7]
3972	[]
3973	[6, 7, 8, 9, 10, 15, 16, 17, 18, 19, 20, 21, 37, 38, 39]
3974	[129, 130, 131]
3975	[10, 11, 12, 13]
3976	[]
3977	[5, 6]
3978	[0]
3979	[30, 31, 32, 33, 34, 35]
3980	[]
3981	[]
3982	[]
3983	[41, 42, 43, 44, 45, 46, 71, 72, 73]
3984	[11, 12, 13, 14, 15, 16]
3985	[]
3986	[]
3987	[]
3988	[]
3989	[8, 9, 10, 11, 12, 13, 14]
3990	[]
3991	[]
3992	[]
3993	[]
3994	[10, 11, 12, 13]
3995	[]
3996	[6, 7, 8, 9, 18, 19, 20, 21]
3997	[51, 52, 54, 55]
3998	[]
3999	[]
4000	[]
4001	[8, 9, 10, 11, 12, 13, 14, 22, 23, 25, 26, 27]
4002	[]
4003	[]
4004	[23, 24, 25, 26, 27, 28, 29]
4005	[13]
4006	[]
4007	[]
4008	[]
4009	[0]
4010	[]
4011	[]
4012	[]
4013	[]
4014	[]
4015	[]
4016	[159, 160, 161]
4017	[]
4018	[14, 15, 16, 17, 18, 19, 21]
4019	[]
4020	[18, 19]
4021	[]
4022	[]
4023	[]
4024	[]
4025	[8, 9, 10, 11, 12]
4026	[]
4027	[]
4028	[]
4029	[]
4030	[50, 51, 52, 53, 54]
4031	[17, 18]
4032	[]
4033	[]
4034	[27, 44, 45, 46]
4035	[]
4036	[]
4037	[0, 1]
4038	[]
4039	[0, 1, 2, 3, 4, 5, 7, 8, 9, 10, 11, 12, 13, 14, 23, 24, 25, 26, 28, 29, 30]
4040	[13, 14, 15, 32, 33, 34, 35, 36, 37, 52, 53, 54, 55, 56, 57, 58, 60, 61, 62, 63]
4041	[]
4042	[]
4043	[]
4044	[]
4045	[]
4046	[0, 1, 2, 3, 4, 5, 6, 27, 28, 29, 30, 31, 32, 33, 34, 36, 37, 38, 39, 40, 41, 42, 43, 44]
4047	[23, 24, 25, 26, 27, 28, 29, 30, 31, 32, 33, 34, 35, 42, 43, 44, 45, 46, 47, 48]
4048	[0, 2, 3, 4, 5, 6, 7]
4049	[]
4050	[18, 19, 20, 21, 36, 37, 38, 39, 40, 41]
4051	[]
4052	[]
4053	[]
4054	[]
4055	[24, 25, 26, 27, 28, 29, 30, 31]
4056	[]
4057	[]
4058	[]
4059	[]
4060	[]
4061	[]
4062	[]
4063	[]
4064	[]
4065	[]
4066	[]
4067	[]
4068	[]
4069	[34, 35, 36, 37, 38]
4070	[]
4071	[0, 1, 2, 3, 4, 5, 6, 7, 8]
4072	[]
4073	[]
4074	[68, 69, 70, 71]
4075	[]
4076	[]
4077	[]
4078	[]
4079	[]
4080	[]
4081	[]
4082	[]
4083	[]
4084	[]
4085	[]
4086	[]
4087	[]
4088	[8, 9, 10, 11, 12, 13, 14, 15]
4089	[]
4090	[16, 17, 18, 19, 20, 21, 42, 43, 44, 45, 46, 47]
4091	[]
4092	[]
4093	[]
4094	[]
4095	[16, 17, 18, 19, 20, 21, 28, 29, 30, 31, 33, 34, 35, 36, 37, 46, 47, 48, 49, 50]
4096	[3, 4, 6, 7, 8]
4097	[4, 5, 6, 7, 8, 9, 10, 11]
4098	[10, 11, 12, 13, 14, 15, 16, 17, 18, 19, 20, 21, 22]
4099	[]
4100	[]
4101	[]
4102	[34, 35, 36, 37, 38, 39, 40]
4103	[]
4104	[]
4105	[]
4106	[]
4107	[]
4108	[15, 16, 17, 28, 29, 30, 32, 33, 34, 35, 36, 37, 46, 47, 48, 49, 50, 52, 53, 54]
4109	[]
4110	[]
4111	[]
4112	[]
4113	[]
4114	[]
4115	[]
4116	[]
4117	[21, 22]
4118	[]
4119	[]
4120	[]
4121	[]
4122	[32, 33, 34]
4123	[]
4124	[]
4125	[0, 1, 2, 3, 4, 5, 63, 64, 65, 66]
4126	[]
4127	[]
4128	[]
4129	[]
4130	[53, 64, 111, 112, 113, 114, 115, 117, 118, 119, 120, 139, 166]
4131	[0, 1, 2, 3, 5, 6, 7]
4132	[8, 9, 10, 11, 12, 14, 15, 16, 17]
4133	[]
4134	[]
4135	[10, 11, 12, 13, 30, 31, 32, 33, 34, 35, 36, 37, 46, 47, 48, 49, 50, 51, 52, 53, 54, 60, 61, 62, 72, 73, 74, 75, 76, 77]
4136	[]
4137	[]
4138	[]
4139	[]
4140	[]
4141	[]
4142	[]
4143	[9, 10, 11, 12]
4144	[]
4145	[]
4146	[]
4147	[]
4148	[0, 2, 3, 4, 5, 6, 13, 14, 15, 16]
4149	[39, 56]
4150	[]
4151	[]
4152	[22, 23, 24, 25, 26, 27, 28, 29, 31, 32, 33, 34, 39, 40, 41, 42, 43, 44]
4153	[0, 1, 2, 3, 4, 5, 6, 7, 8, 9, 11, 12, 13, 14, 15, 16, 17]
4154	[]
4155	[]
4156	[36, 37, 38, 39, 40, 41]
4157	[]
4158	[]
4159	[24, 25, 26, 27, 28, 30, 31, 32, 33, 34, 35, 50, 51, 52, 53, 54]
4160	[18, 19, 20, 21]
4161	[]
4162	[]
4163	[11, 12, 13, 14, 15, 17, 18, 19, 20, 21, 36, 37, 38, 39, 40, 54, 55, 56, 57, 58, 59]
4164	[]
4165	[]
4166	[14, 15, 16, 17]
4167	[]
4168	[]
4169	[]
4170	[8, 9, 10]
4171	[0, 1, 2, 32, 33, 34, 55, 56, 57, 58, 59]
4172	[19, 20, 21, 22, 24, 25, 26, 27]
4173	[]
4174	[]
4175	[]
4176	[42, 43, 44, 45, 46, 47, 49, 50, 51, 52, 53, 54, 55, 56, 57, 94, 95, 96, 97]
4177	[]
4178	[]
4179	[]
4180	[]
4181	[]
4182	[]
4183	[]
4184	[0, 1, 2, 3, 4, 27, 28, 29, 30, 31, 40, 41, 42, 43, 44]
4185	[]
4186	[]
4187	[]
4188	[3, 4, 5]
4189	[12, 13, 14, 15, 16, 17, 18, 19, 20, 51, 52, 53, 54, 55]
4190	[11, 12, 13, 14, 15, 16]
4191	[36, 37]
4192	[]
4193	[]
4194	[]
4195	[]
4196	[49, 50, 51]
4197	[]
4198	[]
4199	[]
4200	[]
4201	[]
4202	[]
4203	[]
4204	[]
4205	[]
4206	[20, 21, 22, 23, 24, 25, 26, 27, 28, 30, 31, 32, 60, 61]
4207	[0, 1, 2, 3, 4, 5, 7, 8]
4208	[124, 125, 126, 127, 141, 142, 143, 144, 145, 146]
4209	[]
4210	[]
4211	[]
4212	[]
4213	[]
4214	[]
4215	[17, 18, 19, 20, 21]
4216	[]
4217	[4, 5, 6, 7, 9, 10, 11, 18, 19, 20, 21, 22, 24, 25, 26, 27, 28, 29, 41, 42, 43, 44, 45, 46, 47]
4218	[]
4219	[]
4220	[]
4221	[19, 20, 21, 22, 23, 42, 43, 44, 45, 46, 53, 54, 55, 62, 63, 64, 65, 66]
4222	[]
4223	[]
4224	[]
4225	[]
4226	[18, 19, 20, 21, 22]
4227	[]
4228	[5, 6, 7, 8, 36, 37, 38, 39, 60, 61, 62, 63]
4229	[6, 7, 8, 9]
4230	[0, 1, 2, 3, 65, 66, 67, 68, 69, 71, 72, 73]
4231	[]
4232	[]
4233	[]
4234	[27, 29, 30, 42, 43, 44, 45, 47, 48, 49, 50, 51, 52, 54, 55, 56, 57, 58, 59, 60]
4235	[50, 51, 52, 53, 54, 55, 56, 57, 58, 59, 78, 79, 80]
4236	[19, 20, 21, 22, 23, 25, 75, 76, 77, 78, 79, 80, 119, 120, 121, 122, 123, 124, 126, 127, 142]
4237	[]
4238	[]
4239	[]
4240	[]
4241	[]
4242	[]
4243	[]
4244	[]
4245	[39, 40, 41]
4246	[]
4247	[]
4248	[]
4249	[]
4250	[20, 21, 22, 23, 24]
4251	[53, 54, 55, 56, 57, 58]
4252	[17, 18, 19, 21, 22, 23, 24]
4253	[]
4254	[]
4255	[]
4256	[]
4257	[]
4258	[]
4259	[]
4260	[0, 1, 2, 3, 4, 5, 6, 8, 9, 10, 17, 18, 19]
4261	[]
4262	[0, 1, 2, 3, 4, 5, 6, 7, 8, 9]
4263	[0, 1]
4264	[]
4265	[]
4266	[]
4267	[]
4268	[]
4269	[]
4270	[]
4271	[]
4272	[]
4273	[]
4274	[26, 27, 28, 30, 31, 32, 33, 34, 41, 42, 43, 44]
4275	[]
4276	[]
4277	[]
4278	[]
4279	[]
4280	[]
4281	[]
4282	[]
4283	[]
4284	[]
4285	[]
4286	[0, 1, 2, 3]
4287	[20, 21, 22, 23]
4288	[]
4289	[]
4290	[21, 22, 23, 24, 25, 26]
4291	[0, 1, 2, 3, 4, 101, 102, 103, 104, 105, 106, 107, 108]
4292	[]
4293	[3, 4, 5, 6, 7, 8, 20, 21, 22, 23, 25, 26, 27, 28, 29]
4294	[]
4295	[48, 49, 50, 51, 53, 54, 55]
4296	[]
4297	[]
4298	[49, 50, 51, 52, 53, 54, 116, 117, 118, 119, 120]
4299	[7, 8, 9, 10, 11, 12, 13, 14, 15, 16, 17, 18, 19]
4300	[8, 9, 10, 11, 12]
4301	[]
4302	[]
4303	[5, 6, 7]
4304	[]
4305	[]
4306	[36, 37, 38, 39]
4307	[0, 1, 2, 3, 4, 5, 6, 7, 19, 20, 21, 22, 23]
4308	[]
4309	[]
4310	[]
4311	[4, 5, 6, 7, 9, 10, 11, 12]
4312	[]
4313	[]
4314	[]
4315	[10, 11, 12, 23, 24, 25, 26, 27, 28, 29, 31, 32, 33, 34, 35, 37, 38, 39, 40, 42, 43, 44, 45, 56, 57, 58, 59, 60, 62, 63, 64, 65, 66, 67, 68]
4316	[]
4317	[]
4318	[]
4319	[30, 31, 32, 33, 34, 35]
4320	[]
4321	[5, 6, 7, 8, 9, 10, 11, 12, 13, 20, 21, 22, 23, 24, 37, 38, 39, 40, 72, 73, 74, 75, 76, 77, 82, 83, 84, 85, 87, 88, 89, 90, 91, 92, 93]
4322	[]
4323	[]
4324	[]
4325	[]
4326	[8, 9, 10, 11, 12, 13, 14, 15, 16]
4327	[]
4328	[]
4329	[]
4330	[]
4331	[]
4332	[]
4333	[]
4334	[]
4335	[]
4336	[]
4337	[]
4338	[40, 41, 42, 43]
4339	[17, 18, 42, 43, 44, 45, 59, 60, 61, 62, 63]
4340	[]
4341	[0, 1, 2]
4342	[20, 21, 22, 23, 24, 25, 88, 89, 90, 91, 92, 93]
4343	[]
4344	[]
4345	[]
4346	[7, 8, 9, 10, 11, 12, 13, 26, 27, 28, 29, 30, 31, 32]
4347	[]
4348	[6, 7, 8, 9, 10, 54, 55, 56, 57, 65, 66, 67, 68, 69, 70]
4349	[]
4350	[]
4351	[]
4352	[]
4353	[]
4354	[]
4355	[3, 4, 5, 6, 17, 18, 19, 20, 21, 22, 23, 24, 41, 42, 43, 44, 45, 47, 48, 49, 50, 52, 53, 54, 55, 56, 58, 59, 60, 61]
4356	[]
4357	[]
4358	[]
4359	[83, 84, 85, 86, 87, 88]
4360	[]
4361	[]
4362	[]
4363	[0, 1]
4364	[]
4365	[]
4366	[]
4367	[]
4368	[56, 57, 58, 59, 60, 61]
4369	[]
4370	[]
4371	[]
4372	[]
4373	[]
4374	[17, 18]
4375	[]
4376	[]
4377	[]
4378	[]
4379	[15, 16, 17]
4380	[]
4381	[]
4382	[]
4383	[24, 25, 26, 27, 28, 29, 30, 31, 32, 33, 34, 35, 36, 37]
4384	[23, 24, 25, 26, 27, 62, 63, 64]
4385	[]
4386	[]
4387	[20, 21, 22, 23, 24]
4388	[20, 21, 22, 23, 24, 25]
4389	[]
4390	[]
4391	[]
4392	[]
4393	[]
4394	[14, 15, 16, 17, 18, 19, 21, 22, 23, 24, 25, 26]
4395	[]
4396	[22, 23, 24, 25, 36, 37, 38, 39]
4397	[]
4398	[]
4399	[12, 13, 14, 15, 17, 18, 19, 20]
4400	[]
4401	[]
4402	[4, 5, 6, 7, 8, 9, 10, 11, 12, 13, 14]
4403	[16, 17, 18, 19]
4404	[]
4405	[]
4406	[]
4407	[34, 35, 36, 37, 38, 58, 59, 65, 66, 67]
4408	[]
4409	[29, 30, 31, 32, 33, 34, 39, 40, 41, 42, 43, 44, 50, 51, 52, 53, 54, 56, 57, 58, 59, 60, 61, 74, 75, 76, 77, 78, 79, 81, 82, 83, 84]
4410	[8, 9, 10, 11, 12, 13, 14]
4411	[]
4412	[0, 76, 77, 78, 79, 80]
4413	[]
4414	[17, 18, 19, 20, 21, 22]
4415	[]
4416	[]
4417	[]
4418	[7, 8, 9, 10, 11, 32, 33, 34, 35, 36, 45, 46, 47, 48, 54]
4419	[]
4420	[0, 1, 2, 3, 4, 5, 6, 15, 16, 17, 18, 20, 21]
4421	[]
4422	[]
4423	[]
4424	[]
4425	[]
4426	[]
4427	[]
4428	[26, 27, 28, 29, 30, 31]
4429	[0, 1, 2, 3, 4, 7, 8, 9, 10, 40, 41, 42, 44, 45, 46, 47, 48, 49, 51, 52, 53, 54, 55, 56]
4430	[]
4431	[]
4432	[]
4433	[12, 13, 14, 15, 16]
4434	[]
4435	[]
4436	[]
4437	[]
4438	[]
4439	[]
4440	[]
4441	[]
4442	[]
4443	[]
4444	[48, 49, 50]
4445	[0, 1, 2, 3, 4, 5, 22, 23, 24, 25, 32, 33, 34, 35, 36, 38, 39, 40, 41, 42, 43, 45, 46, 47, 48, 50, 51, 52]
4446	[]
4447	[18, 19]
4448	[]
4449	[11, 12, 13]
4450	[]
4451	[]
4452	[6, 7, 8, 9, 10, 11, 37, 38, 39]
4453	[]
4454	[]
4455	[0, 1, 2, 3, 4, 5, 12, 13, 14, 37, 38, 39, 40, 41]
4456	[58, 59, 60, 61, 62, 63, 64, 66, 67, 68, 69, 70, 71, 72, 73]
4457	[7, 8, 9]
4458	[33, 34, 35, 36, 38, 39, 40, 41, 42, 43]
4459	[]
4460	[48, 49, 50, 51, 52, 53, 54]
4461	[7, 8, 9, 10, 11, 12, 41, 42, 43, 44, 45, 46]
4462	[]
4463	[5, 6, 7, 8, 9, 10, 11, 12]
4464	[6, 7, 8, 9, 10, 21, 22, 23, 24, 25, 26, 27, 28, 40, 41, 42, 43, 44, 45, 46, 47, 48, 59, 60, 61, 62, 63, 64, 65, 66]
4465	[]
4466	[]
4467	[]
4468	[51, 52, 53, 55, 56, 57]
4469	[]
4470	[]
4471	[10, 11, 12, 13, 14, 15, 16, 22, 23, 24, 25]
4472	[]
4473	[]
4474	[]
4475	[13, 14, 15, 16, 17, 18, 26, 27, 28, 29, 33, 34, 35, 36, 37, 38, 61, 62, 63, 70, 71, 72, 73]
4476	[]
4477	[37, 38, 39, 40, 41, 42]
4478	[]
4479	[]
4480	[]
4481	[]
4482	[]
4483	[]
4484	[5, 6, 7, 8, 9, 10, 11]
4485	[]
4486	[]
4487	[]
4488	[7, 8, 9, 10]
4489	[0, 1, 2, 3, 4, 34, 35, 36, 37, 38, 50, 51, 52, 53, 54, 55, 56, 58, 59, 60, 61, 62, 63, 66, 67, 68, 69, 70, 71, 73, 74, 75, 76, 77, 78, 80, 81, 82, 83, 84, 85, 87, 88, 89, 90, 91, 92]
4490	[23, 24, 25, 26, 28, 29, 31, 32]
4491	[5, 6, 7, 8, 9, 10]
4492	[]
4493	[]
4494	[]
4495	[23, 24, 25, 26, 27, 29, 30, 31]
4496	[]
4497	[]
4498	[]
4499	[0, 1, 2, 3, 4, 24, 25, 26, 27, 28, 29, 46, 47, 48]
4500	[]
4501	[]
4502	[]
4503	[]
4504	[]
4505	[]
4506	[4, 5, 6, 7, 8]
4507	[]
4508	[15, 16, 17, 18, 19, 20, 22, 23, 24, 26, 27, 28, 30, 31, 32, 33, 34]
4509	[]
4510	[]
4511	[29, 30, 31, 32, 33, 34, 35, 36, 51, 52, 53, 54, 55, 56]
4512	[]
4513	[]
4514	[]
4515	[24, 25, 26, 27]
4516	[]
4517	[]
4518	[]
4519	[]
4520	[21, 22, 23, 24, 25]
4521	[]
4522	[]
4523	[19, 20, 21, 23, 24, 25, 53, 54, 55, 56]
4524	[]
4525	[48, 49, 50, 51]
4526	[]
4527	[32, 33, 34, 35]
4528	[]
4529	[]
4530	[]
4531	[]
4532	[]
4533	[18, 19, 20, 21, 22]
4534	[]
4535	[]
4536	[0, 1]
4537	[]
4538	[4, 5, 6, 7, 8, 9, 30, 31, 32, 33, 34, 35, 36]
4539	[17, 18, 19, 20, 21, 22, 23, 46, 47, 48]
4540	[]
4541	[19, 20, 21, 22, 23, 24]
4542	[22, 23, 24]
4543	[0, 1, 2, 3, 4, 27, 28, 29, 30]
4544	[64, 65, 66, 67, 68, 69, 70, 71, 72]
4545	[]
4546	[]
4547	[]
4548	[]
4549	[41, 42, 43, 44, 45, 46, 47, 49, 50, 51, 52, 53, 54, 56, 57, 58, 59, 60, 62, 63, 64, 65, 66, 67]
4550	[]
4551	[]
4552	[]
4553	[]
4554	[]
4555	[]
4556	[]
4557	[]
4558	[]
4559	[]
4560	[]
4561	[17, 18, 19, 20, 21, 22, 23]
4562	[]
4563	[]
4564	[]
4565	[]
4566	[]
4567	[]
4568	[6, 7, 8, 9, 10, 11, 12, 13, 19, 20, 21, 22, 23, 24, 74, 75, 76]
4569	[]
4570	[11, 12, 13, 14, 15, 16, 18, 19, 20, 21, 22, 23, 24, 55, 56, 57, 58, 59, 60]
4571	[]
4572	[]
4573	[0, 1, 2, 3, 4, 61, 62, 63, 64]
4574	[]
4575	[68, 69, 70, 71, 72, 73, 74, 75]
4576	[]
4577	[6, 7, 8, 9, 10, 12, 13, 14, 15, 17, 18, 19, 20, 21, 22]
4578	[]
4579	[]
4580	[]
4581	[22, 23, 24, 25]
4582	[]
4583	[]
4584	[]
4585	[]
4586	[]
4587	[]
4588	[]
4589	[17, 18, 19, 20, 21, 23, 24]
4590	[]
4591	[]
4592	[]
4593	[0, 1, 3, 4, 5, 6, 8, 9, 10, 11, 12, 13, 14, 15, 16, 17, 19, 20, 21, 22, 23, 24, 25, 26, 28, 29, 30, 31, 32]
4594	[22, 73, 74]
4595	[0, 1, 2, 3, 4, 5, 6, 7]
4596	[]
4597	[]
4598	[]
4599	[]
4600	[7, 8, 9, 10, 22, 23, 24]
4601	[]
4602	[13, 14, 15, 16]
4603	[]
4604	[51, 52, 53, 54, 64, 65, 66, 67]
4605	[61, 62, 63, 64, 65, 66]
4606	[0, 1, 2, 3, 4]
4607	[26, 27, 28, 29, 30]
4608	[3, 4, 6, 7]
4609	[]
4610	[11, 12, 13, 14, 16, 17, 18, 19, 44, 45, 46, 47]
4611	[]
4612	[18, 19, 20, 21, 22, 24, 25]
4613	[]
4614	[0]
4615	[39, 40, 41, 42, 43, 44, 45]
4616	[0, 1, 2, 3, 17, 18, 19, 20, 21, 22]
4617	[]
4618	[0, 1, 2, 3, 4, 5, 6, 7, 8, 14, 15, 16, 17, 18, 19, 20, 21, 22]
4619	[]
4620	[]
4621	[]
4622	[]
4623	[]
4624	[6, 7, 8, 9, 22, 23, 24, 25]
4625	[4, 5, 6, 7, 8, 9, 10, 11, 12, 29, 30, 31, 32, 33, 36, 37, 38, 39]
4626	[]
4627	[29, 30, 31, 32, 58, 59, 60]
4628	[]
4629	[]
4630	[]
4631	[]
4632	[]
4633	[]
4634	[0, 1, 2, 3, 4, 5]
4635	[]
4636	[36]
4637	[]
4638	[]
4639	[]
4640	[4, 5, 6, 7, 8, 9, 10, 11, 12, 76, 77, 78, 79, 80, 81, 82, 83]
4641	[]
4642	[]
4643	[]
4644	[42, 43, 44, 45, 46, 47]
4645	[6, 7, 8, 9, 10, 11, 12, 13, 14]
4646	[]
4647	[0, 1, 2]
4648	[]
4649	[]
4650	[]
4651	[]
4652	[41, 42, 43, 44, 51, 52, 53, 54]
4653	[]
4654	[]
4655	[]
4656	[16, 17, 18, 19]
4657	[]
4658	[0, 1, 2, 3, 4, 16, 17, 18, 19, 20, 22, 23, 39, 40, 41, 42, 43]
4659	[]
4660	[]
4661	[5, 6, 7, 8, 9, 10]
4662	[]
4663	[]
4664	[]
4665	[]
4666	[]
4667	[]
4668	[4, 5, 6, 7, 8, 10, 11, 12, 13, 14, 15, 16, 17, 18, 19]
4669	[]
4670	[0, 1, 2, 3, 4, 7, 8, 9, 10, 11, 14, 15, 16, 17, 18, 30, 31, 32, 33, 34, 37, 38, 39, 40, 41, 42, 43, 44]
4671	[]
4672	[]
4673	[]
4674	[3, 4, 5, 6, 7, 8, 31, 32, 33, 34, 35, 41, 42, 43, 44, 45, 47, 48, 49, 50, 51, 52, 53]
4675	[]
4676	[]
4677	[]
4678	[13, 14, 15, 16, 17]
4679	[26, 27, 28]
4680	[0, 1]
4681	[]
4682	[]
4683	[13, 14, 15]
4684	[]
4685	[13, 14, 15, 16, 17, 19, 20, 21, 22]
4686	[]
4687	[]
4688	[]
4689	[31, 32]
4690	[4, 5, 6, 7, 8, 9]
4691	[]
4692	[]
4693	[0, 1, 2, 3, 5, 6, 7, 8]
4694	[]
4695	[]
4696	[]
4697	[]
4698	[]
4699	[0]
4700	[]
4701	[]
4702	[17, 18]
4703	[]
4704	[]
4705	[16, 17, 18, 19, 20, 21, 23, 24, 25, 26, 27]
4706	[22, 23, 24, 25, 26, 27]
4707	[]
4708	[]
4709	[]
4710	[38, 39, 40, 41, 42]
4711	[]
4712	[]
4713	[]
4714	[61, 62, 63, 64, 65, 66]
4715	[]
4716	[]
4717	[30, 31, 32, 33, 34, 35, 36]
4718	[]
4719	[]
4720	[28, 29, 30, 31]
4721	[]
4722	[0, 1, 2, 3, 4, 5]
4723	[5, 6, 7, 8, 9, 11, 12]
4724	[]
4725	[]
4726	[]
4727	[]
4728	[]
4729	[12, 13, 14, 15, 16, 21, 22, 23, 24, 25, 26, 28, 29, 30, 31, 32, 40, 41, 42, 43, 44, 45, 46, 47, 48]
4730	[]
4731	[]
4732	[]
4733	[13, 14, 15]
4734	[8, 9, 10, 11, 12, 13, 14, 15, 25, 26, 27, 28, 29, 31, 32, 33, 34, 35, 36, 37, 39, 40, 41, 42, 43, 44]
4735	[]
4736	[11, 12, 13, 14, 15, 16, 18, 19, 20, 21]
4737	[29, 30, 31, 32, 33, 34, 35, 36, 37, 38, 39]
4738	[]
4739	[]
4740	[]
4741	[]
4742	[]
4743	[4, 5, 6, 7, 9, 10, 11]
4744	[0, 1, 2]
4745	[]
4746	[128]
4747	[12]
4748	[]
4749	[]
4750	[]
4751	[]
4752	[]
4753	[]
4754	[]
4755	[]
4756	[]
4757	[]
4758	[]
4759	[30, 31, 32, 34, 35, 36, 41, 42, 43]
4760	[]
4761	[0, 1, 2, 3, 4, 21, 22, 23, 24, 25, 26, 28, 29, 30, 31, 42, 43, 44, 45, 46, 47, 49, 50, 51]
4762	[]
4763	[]
4764	[]
4765	[]
4766	[]
4767	[]
4768	[]
4769	[]
4770	[]
4771	[]
4772	[0, 1, 2, 3]
4773	[6, 7, 8, 13, 14, 15]
4774	[]
4775	[12, 13, 14, 15, 16, 17, 18, 31, 32, 33, 34, 50, 51, 52, 53, 54, 55, 56, 58, 59, 60, 61, 63, 64, 65, 66, 67, 72, 73, 74, 75, 76, 77, 78]
4776	[]
4777	[]
4778	[]
4779	[]
4780	[]
4781	[]
4782	[]
4783	[18, 19, 20, 21]
4784	[12, 13, 14, 15, 45, 46, 47, 48]
4785	[64, 65, 66]
4786	[]
4787	[]
4788	[]
4789	[]
4790	[]
4791	[]
4792	[]
4793	[]
4794	[]
4795	[]
4796	[]
4797	[]
4798	[]
4799	[22, 23, 24, 25, 26, 27, 31, 32, 33, 34, 35, 36, 37]
4800	[]
4801	[]
4802	[]
4803	[]
4804	[]
4805	[]
4806	[]
4807	[34, 35, 36, 37, 38, 40, 41, 42, 43]
4808	[15, 16, 17, 18, 19, 20, 21]
4809	[]
4810	[]
4811	[]
4812	[]
4813	[6, 7, 8, 9, 10, 11, 13, 14, 15, 16, 108, 109, 110, 111, 130, 131, 132, 133, 134, 135, 136, 138, 139, 140, 141, 142]
4814	[]
4815	[]
4816	[]
4817	[25, 26, 27, 28, 29]
4818	[]
4819	[4, 5, 6, 7, 8, 14, 15, 16, 17, 18, 20, 21, 22, 23, 25, 26, 27, 45, 46, 47]
4820	[]
4821	[]
4822	[]
4823	[]
4824	[]
4825	[]
4826	[5, 6, 7]
4827	[0, 1, 2, 3, 4, 5, 6, 7, 9, 10, 11, 12, 14, 15, 16, 17, 19, 20, 21, 22, 31, 32, 33, 34, 35]
4828	[]
4829	[]
4830	[9, 10, 11, 12, 13, 19, 20, 21, 22]
4831	[0, 1, 2, 3, 4, 9, 10, 11, 12, 13]
4832	[]
4833	[]
4834	[]
4835	[]
4836	[]
4837	[]
4838	[0, 1]
4839	[]
4840	[]
4841	[]
4842	[]
4843	[0, 1, 2, 4, 5, 6, 7, 8]
4844	[]
4845	[]
4846	[39, 71, 72, 74, 75]
4847	[]
4848	[40, 41, 46, 47, 48]
4849	[43, 44, 45, 46]
4850	[]
4851	[18, 19, 20, 21, 22, 24, 25, 26, 27, 29, 30, 31, 32, 33, 34, 35, 36, 38, 39, 40, 41, 51, 52, 53, 54, 55, 57, 58, 59, 60]
4852	[0, 1, 2, 3, 4, 6, 7, 8, 9, 10, 11]
4853	[]
4854	[0, 1, 2, 3, 4, 5, 6, 7, 8, 9, 10, 11, 12, 13, 14, 15, 16, 17, 18, 19, 20, 22, 23, 24, 25, 27, 28, 29, 30, 31, 32, 33, 34, 35, 37, 38, 39, 40, 41, 42, 43, 44]
4855	[10, 11, 12, 13, 14, 15, 16, 17]
4856	[]
4857	[]
4858	[]
4859	[]
4860	[28, 29, 30, 31, 32, 33, 34, 35, 36, 43, 44, 45, 46]
4861	[]
4862	[]
4863	[]
4864	[]
4865	[]
4866	[]
4867	[]
4868	[0, 1, 2, 3, 4, 5, 6, 7, 8]
4869	[]
4870	[13, 14, 15, 16, 17, 18, 19, 20, 21, 22]
4871	[]
4872	[66, 67, 68, 70, 71, 72]
4873	[11, 12, 13, 14, 15]
4874	[13, 14, 15, 16, 17, 18, 19, 20, 21, 22]
4875	[]
4876	[]
4877	[]
4878	[]
4879	[0, 1, 2, 3, 4, 5, 14, 15, 16, 17, 18, 19, 24, 25, 26, 27, 34, 35, 36]
4880	[]
4881	[]
4882	[68, 69, 70, 71, 72, 73, 74]
4883	[]
4884	[41, 42, 43, 44, 45, 47, 48, 49, 50, 51, 59, 60, 61, 62, 63, 64, 65, 66]
4885	[]
4886	[]
4887	[]
4888	[]
4889	[]
4890	[93]
4891	[]
4892	[]
4893	[]
4894	[]
4895	[]
4896	[]
4897	[]
4898	[]
4899	[]
4900	[31, 32, 33, 34]
4901	[15]
4902	[]
4903	[]
4904	[0, 1, 2, 3, 4]
4905	[]
4906	[]
4907	[]
4908	[]
4909	[]
4910	[]
4911	[]
4912	[]
4913	[]
4914	[]
4915	[]
4916	[4, 5, 6, 7, 8, 9, 54, 55]
4917	[33, 34, 35, 36, 46, 47, 48, 49, 50, 52, 53, 54, 55, 56, 58, 59, 60, 61, 77]
4918	[]
4919	[]
4920	[]
4921	[]
4922	[]
4923	[]
4924	[]
4925	[]
4926	[25, 26, 27, 28]
4927	[55, 56, 57, 58, 59]
4928	[]
4929	[]
4930	[0, 1, 2, 3, 4, 5]
4931	[]
4932	[]
4933	[]
4934	[]
4935	[]
4936	[]
4937	[39, 40, 41, 42, 43]
4938	[]
4939	[9, 10, 11, 12, 13, 14, 33, 34, 35, 36, 41, 42, 43, 50, 51, 52, 53, 54, 82, 83, 84]
4940	[]
4941	[]
4942	[]
4943	[24, 25, 26, 27, 28, 29, 30, 31, 32]
4944	[44, 45, 46, 47, 48, 49, 50, 51, 52, 59, 60, 61, 62, 63, 65, 66, 67, 68, 70, 71, 72, 73, 74, 75]
4945	[0, 1, 2, 3, 4, 11, 12, 13]
4946	[]
4947	[]
4948	[]
4949	[]
4950	[0, 1, 2]
4951	[]
4952	[]
4953	[22, 23, 24, 25, 26, 38, 39, 40, 41, 42]
4954	[]
4955	[0, 1, 2, 3, 5, 6, 7, 29, 30]
4956	[3, 4, 5, 6]
4957	[24, 25, 26, 27, 28, 33, 34, 35, 36, 37, 48, 49, 50, 51, 52, 53]
4958	[]
4959	[]
4960	[107, 108, 109, 110, 150, 151, 152, 153]
4961	[0, 1, 2, 3, 4, 12, 13, 14, 15, 22, 23, 24, 25, 27, 28, 29, 30, 31]
4962	[]
4963	[3, 4, 5, 6, 7, 8, 9, 10]
4964	[30, 31, 32, 33, 34, 35]
4965	[]
4966	[]
4967	[]
4968	[]
4969	[]
4970	[]
4971	[40, 41]
4972	[0, 1, 2, 3]
4973	[6, 7, 8, 9]
4974	[28, 29, 30, 31, 32]
4975	[]
4976	[]
4977	[]
4978	[0, 1, 2, 3, 5, 6, 7, 8, 9, 10]
4979	[]
4980	[11, 12, 13, 14, 15, 31, 32, 33, 34, 35, 36]
4981	[]
4982	[]
4983	[]
4984	[]
4985	[0, 1]
4986	[]
4987	[]
4988	[]
4989	[8, 9, 10]
4990	[]
4991	[]
4992	[6, 7, 9, 10, 11, 81, 82, 83, 84, 85]
4993	[16, 17, 18]
4994	[]
4995	[]
4996	[]
4997	[]
4998	[]
4999	[]