0	[]
1	[7]
2	[]
3	[38, 39, 40, 41, 42]
4	[23, 24, 25, 26, 27, 28, 29, 30, 37, 38, 39, 40, 50, 51, 52, 53, 55, 56, 57, 58, 59, 60, 61, 62, 63, 71, 72, 73, 74, 75]
5	[21, 22, 23, 24, 25]
6	[]
7	[]
8	[16, 15]
9	[]
10	[]
11	[]
12	[]
13	[]
14	[]
15	[]
16	[]
17	[]
18	[]
19	[]
20	[]
21	[]
22	[7, 8, 9, 10, 11]
23	[]
24	[]
25	[]
26	[112, 113, 114, 111]
27	[5, 6, 7, 8, 9, 37, 38, 39, 40]
28	[]
29	[]
30	[24, 25, 26, 23]
31	[]
32	[0, 1, 2, 3, 4, 6, 7, 9, 10, 11, 12, 21, 22, 23, 24, 25, 26, 32, 33, 34, 35, 36, 37, 53, 54, 55, 56, 79, 80, 81, 82, 84, 85, 86, 87]
33	[37, 38, 39, 40, 41]
34	[]
35	[]
36	[]
37	[]
38	[]
39	[39, 40, 41, 42, 43, 44, 45, 46]
40	[]
41	[0, 1, 2, 3, 4, 5, 42, 43, 44, 45]
42	[]
43	[]
44	[]
45	[]
46	[]
47	[]
48	[]
49	[]
50	[32, 59, 60, 61, 57, 58, 27, 28, 29, 30, 31]
51	[40, 41, 42, 44, 45, 46, 20, 21, 22, 23, 24]
52	[]
53	[]
54	[]
55	[]
56	[]
57	[]
58	[]
59	[]
60	[]
61	[]
62	[]
63	[9, 10, 11, 12, 13, 14, 15, 16, 17]
64	[]
65	[]
66	[40, 41, 42, 43, 44]
67	[]
68	[]
69	[64, 65, 66, 54, 55, 56, 57, 58, 59, 60, 62, 63]
70	[]
71	[]
72	[]
73	[47, 48, 49, 50, 51]
74	[]
75	[]
76	[]
77	[]
78	[]
79	[]
80	[]
81	[]
82	[0, 2, 3, 4, 5]
83	[32, 33, 34, 35, 36]
84	[]
85	[]
86	[]
87	[]
88	[]
89	[32, 33, 34, 35, 30, 31]
90	[]
91	[]
92	[]
93	[]
94	[]
95	[]
96	[]
97	[]
98	[]
99	[]
100	[]
101	[]
102	[]
103	[44, 45, 46]
104	[32, 33, 34, 35, 36, 37]
105	[64, 66, 67, 68, 59, 60, 61, 62, 63]
106	[]
107	[]
108	[8, 9, 10, 11, 12, 26, 27, 28, 29, 30]
109	[]
110	[]
111	[0, 1, 2, 3, 4, 5, 32, 65, 66, 67, 68, 29, 30, 31]
112	[]
113	[]
114	[0, 1, 2, 3, 4, 5, 6]
115	[]
116	[64, 62, 63]
117	[]
118	[]
119	[]
120	[0, 1, 2]
121	[32, 23, 24, 25, 26, 27, 28, 29, 30, 31]
122	[32, 33, 28, 29, 30, 31]
123	[]
124	[]
125	[0]
126	[]
127	[]
128	[]
129	[]
130	[]
131	[]
132	[]
133	[99, 100, 101, 102, 103, 105, 107, 108, 109, 110, 111, 112]
134	[]
135	[]
136	[]
137	[]
138	[27, 28, 29, 30]
139	[]
140	[]
141	[]
142	[]
143	[37, 38, 7, 8, 9, 40, 41, 42, 43, 44, 45]
144	[16, 18, 19, 15]
145	[]
146	[15, 16, 17, 18, 19]
147	[]
148	[]
149	[]
150	[16, 17, 18, 19, 21]
151	[]
152	[8, 5, 6, 7]
153	[]
154	[]
155	[]
156	[]
157	[]
158	[4, 5, 6, 7, 8]
159	[41, 42, 43, 44, 45, 46, 77, 78, 79, 80, 81, 82, 83, 84, 53, 54]
160	[]
161	[50, 51, 52, 53]
162	[]
163	[]
164	[]
165	[0, 1, 2, 3, 4, 5, 6, 7]
166	[]
167	[4, 5, 6, 8, 9, 10, 11, 12]
168	[]
169	[]
170	[]
171	[]
172	[7, 8, 9, 10, 11, 12, 13, 14]
173	[]
174	[4, 5]
175	[]
176	[]
177	[]
178	[11, 12, 13]
179	[]
180	[]
181	[]
182	[]
183	[56, 57]
184	[]
185	[]
186	[]
187	[]
188	[]
189	[112, 110, 111]
190	[47, 48, 49, 50, 51]
191	[]
192	[]
193	[32, 33, 30, 31]
194	[]
195	[]
196	[]
197	[]
198	[12, 13, 14]
199	[]
200	[53, 54, 55, 56, 57]
201	[]
202	[]
203	[29, 30, 31]
204	[]
205	[]
206	[]
207	[]
208	[]
209	[]
210	[45, 46, 47, 48, 49, 50, 51, 52]
211	[96, 98, 99, 100, 101, 78, 89, 90, 91, 92, 93, 94, 95]
212	[]
213	[]
214	[]
215	[41, 42]
216	[]
217	[]
218	[]
219	[]
220	[]
221	[]
222	[67, 68, 69, 70, 71, 72, 73, 74, 75, 76]
223	[]
224	[]
225	[]
226	[32, 33, 34, 35, 29, 30, 31]
227	[]
228	[]
229	[]
230	[]
231	[]
232	[20, 21, 22, 23, 24]
233	[]
234	[0, 1, 2, 3, 4, 5, 41, 42, 43, 44, 46, 47, 48, 49, 50]
235	[]
236	[]
237	[]
238	[]
239	[]
240	[0, 1, 2, 3, 4]
241	[]
242	[0, 1, 3, 4, 5, 6]
243	[]
244	[82, 83, 84, 29]
245	[]
246	[]
247	[]
248	[]
249	[]
250	[]
251	[]
252	[]
253	[]
254	[]
255	[]
256	[]
257	[]
258	[56, 57, 58, 59, 60, 61, 62]
259	[]
260	[4, 5, 6, 7]
261	[]
262	[13, 14, 15, 16, 17, 18, 19]
263	[]
264	[]
265	[65, 66, 67]
266	[]
267	[]
268	[]
269	[]
270	[68, 69, 70, 71, 72, 74, 75, 77, 78, 79, 85, 86, 87, 88, 89]
271	[4]
272	[]
273	[]
274	[]
275	[160, 161, 162, 163, 61, 62, 63]
276	[32, 33, 34, 35, 36, 14, 15, 16, 17, 25, 26, 27, 28, 29, 30]
277	[]
278	[]
279	[]
280	[]
281	[]
282	[]
283	[]
284	[]
285	[27, 28, 29, 30, 31]
286	[]
287	[]
288	[32, 33, 34, 35, 31]
289	[]
290	[]
291	[]
292	[]
293	[]
294	[10, 11, 12, 13, 14, 15, 17, 18]
295	[]
296	[12, 13, 14, 15, 16, 17]
297	[32, 33, 34, 35, 81, 82, 83, 84, 31]
298	[]
299	[]
300	[]
301	[]
302	[4, 5, 6]
303	[]
304	[]
305	[]
306	[]
307	[]
308	[]
309	[]
310	[]
311	[]
312	[]
313	[]
314	[]
315	[]
316	[]
317	[12, 13, 14, 15]
318	[33, 34, 35, 43, 44, 45, 46, 47, 29, 30, 31]
319	[]
320	[]
321	[]
322	[]
323	[24, 25, 26, 23]
324	[0, 1, 2, 4, 5, 6, 7, 9, 10, 11, 12, 13, 14, 15, 16, 18, 19, 20, 21, 22, 23, 24, 26, 27, 28, 29, 30, 31]
325	[]
326	[3, 4, 5, 86, 87, 88, 89, 91]
327	[]
328	[]
329	[]
330	[34, 35, 36, 37, 38, 39, 40, 41, 42]
331	[]
332	[]
333	[44, 45, 46, 47]
334	[]
335	[]
336	[]
337	[8, 5, 6, 7]
338	[]
339	[]
340	[]
341	[]
342	[]
343	[]
344	[]
345	[12, 13, 14, 15, 17, 18, 19]
346	[]
347	[36, 37, 38, 39, 40, 20, 21, 22, 23, 24]
348	[]
349	[]
350	[]
351	[]
352	[0, 1, 2, 4, 5, 6, 7]
353	[]
354	[15, 16, 17, 18, 27, 28]
355	[]
356	[]
357	[]
358	[]
359	[]
360	[0, 1, 2, 3, 4, 10, 11, 12, 13, 15, 16, 17, 18, 19]
361	[]
362	[]
363	[]
364	[]
365	[0, 1, 2, 3, 5, 6, 7, 28, 29, 30]
366	[]
367	[35, 36]
368	[]
369	[]
370	[]
371	[]
372	[]
373	[]
374	[]
375	[]
376	[]
377	[70, 71, 72, 51, 52, 53, 54, 55, 56, 57, 59, 60, 61, 62]
378	[55, 56, 57, 58, 59, 60, 61]
379	[16, 13, 14, 15]
380	[]
381	[]
382	[]
383	[]
384	[32, 33, 34, 35, 36]
385	[]
386	[]
387	[]
388	[]
389	[19, 20, 21, 22]
390	[67, 68, 69, 70, 71]
391	[]
392	[59, 60, 61, 62]
393	[]
394	[]
395	[]
396	[]
397	[]
398	[]
399	[]
400	[]
401	[16, 17, 18, 19, 20, 21, 22]
402	[]
403	[]
404	[]
405	[]
406	[112, 113, 114]
407	[]
408	[]
409	[]
410	[]
411	[]
412	[]
413	[48, 49, 50, 51, 52, 53, 54]
414	[]
415	[]
416	[]
417	[16, 13, 14, 15]
418	[]
419	[]
420	[7, 8, 9, 10, 15, 16, 17, 18, 19, 20, 21, 22, 23]
421	[0, 1, 2, 3, 5, 6, 19, 20, 21, 22, 23, 25, 26, 27, 28, 29, 30, 31]
422	[16, 17, 18, 19, 21, 22, 23, 24, 25, 27, 28, 29, 30, 31]
423	[]
424	[38, 39, 40, 41, 42, 43, 44, 45, 46, 47]
425	[]
426	[]
427	[]
428	[]
429	[]
430	[85, 86, 87, 89, 90]
431	[]
432	[]
433	[]
434	[]
435	[0, 1, 2, 3]
436	[]
437	[]
438	[]
439	[85, 86, 87, 88, 89, 90]
440	[]
441	[]
442	[8, 9, 10, 11]
443	[]
444	[0, 1, 2, 3, 4, 5, 32, 33, 34, 35, 36, 37, 27, 28, 29, 30, 31]
445	[]
446	[]
447	[]
448	[8, 9, 10, 11, 12]
449	[]
450	[]
451	[32, 33, 34, 35, 36, 37, 31]
452	[0, 1]
453	[]
454	[16, 17, 18, 15]
455	[70, 71, 72, 73, 74, 75, 76, 15, 16, 17, 18, 19, 20, 21]
456	[]
457	[65, 66, 67, 68]
458	[]
459	[40, 41, 42, 43, 44, 45, 46, 47, 49, 50, 51]
460	[]
461	[]
462	[0, 1, 2, 8, 9]
463	[]
464	[]
465	[]
466	[]
467	[]
468	[]
469	[]
470	[]
471	[]
472	[]
473	[]
474	[102, 103, 104, 56, 57, 58, 59, 60, 61]
475	[2, 58, 46, 47, 48, 49, 50, 23, 24, 25, 26, 59, 60]
476	[]
477	[]
478	[]
479	[]
480	[]
481	[]
482	[]
483	[]
484	[]
485	[]
486	[0, 1, 2, 3, 4]
487	[135, 136, 137, 138, 139, 140, 13, 14, 15, 21, 22, 23]
488	[]
489	[32, 30, 31]
490	[]
491	[]
492	[41, 42, 43]
493	[]
494	[67, 68, 69, 70, 71]
495	[13, 14, 15, 16, 17, 18, 19]
496	[]
497	[20, 21, 22, 23, 24, 26, 27, 28, 29, 30, 31]
498	[39, 40, 41, 42, 43, 44, 45, 59, 60, 61, 62]
499	[7, 8, 9, 10, 11, 12, 14, 15, 16, 17, 59, 60, 61, 63, 64, 65, 67, 68, 69, 70, 72, 73]
500	[]
501	[]
502	[]
503	[]
504	[17, 18, 19]
505	[64, 65, 66, 67, 59, 60, 61, 62, 63]
506	[]
507	[]
508	[]
509	[]
510	[]
511	[]
512	[]
513	[0, 1, 2, 3, 4, 21, 22, 23, 24, 57, 58, 59, 60]
514	[]
515	[]
516	[]
517	[]
518	[]
519	[]
520	[]
521	[32, 18, 19, 20, 21, 29, 30, 31]
522	[]
523	[]
524	[4, 5, 6, 7, 8, 9]
525	[17, 18, 19, 20, 21]
526	[]
527	[]
528	[]
529	[]
530	[5, 6]
531	[]
532	[]
533	[110, 111, 112, 113, 114, 115]
534	[]
535	[]
536	[64, 65, 66, 67, 61, 62, 63]
537	[36, 37, 38, 39, 40, 41, 42, 43, 44, 45, 74, 75, 76, 77, 78]
538	[]
539	[3, 4, 5, 6, 40, 41, 42, 43, 44]
540	[42, 43, 44, 45]
541	[0, 1, 2, 3, 4, 5, 7, 8, 9, 10]
542	[]
543	[]
544	[17, 18, 19]
545	[]
546	[]
547	[16, 17, 18, 19, 20, 22, 23, 24, 25]
548	[]
549	[8, 5, 6, 7]
550	[]
551	[]
552	[]
553	[0, 1, 2, 3, 5, 6, 7, 8]
554	[10, 11, 12, 13, 20, 21, 22, 23, 24, 25, 26, 27, 29, 30, 31, 32, 33, 34, 36, 37, 38, 39]
555	[]
556	[26, 27, 28, 29, 30, 31]
557	[0, 1, 2, 3, 4, 5, 6, 7, 31, 32, 33, 34, 35, 36, 37, 65, 66, 67, 68, 69, 70, 71]
558	[0, 1]
559	[]
560	[]
561	[13, 14, 15, 16, 17, 18, 55, 56, 57]
562	[5, 6, 7, 8, 59, 60, 61, 62, 63]
563	[]
564	[]
565	[]
566	[]
567	[0, 1, 2]
568	[]
569	[]
570	[]
571	[]
572	[]
573	[3, 4, 5, 53, 54, 55, 56]
574	[]
575	[]
576	[]
577	[]
578	[]
579	[0, 1, 2, 3, 4]
580	[]
581	[]
582	[0, 1, 2, 3, 4]
583	[40, 41, 39]
584	[]
585	[]
586	[]
587	[]
588	[3, 4, 5, 6, 36, 8, 9, 10, 11, 12, 13, 37, 38, 39, 40, 41]
589	[]
590	[]
591	[]
592	[0, 10, 11, 12, 13, 14, 15, 16]
593	[]
594	[43, 44, 45, 46, 47]
595	[]
596	[8, 9, 10, 11, 12]
597	[]
598	[]
599	[]
600	[]
601	[]
602	[]
603	[]
604	[0, 1, 2, 4]
605	[]
606	[]
607	[]
608	[]
609	[]
610	[4, 5, 6]
611	[]
612	[]
613	[]
614	[]
615	[52, 53, 54, 55, 56, 26, 27, 28, 29, 30]
616	[]
617	[]
618	[4, 5, 6, 7, 8, 9, 11, 13, 14, 15, 16, 17, 19, 20]
619	[]
620	[]
621	[0, 128, 13, 14, 15, 16, 17, 155, 156, 157, 158, 160, 33, 34, 35, 36, 37, 48, 49, 50, 51, 53, 54, 55, 56, 57, 65, 66, 67, 68, 102, 103, 104, 105, 106, 108, 109, 110, 111, 112, 126, 127]
622	[]
623	[]
624	[]
625	[]
626	[]
627	[]
628	[]
629	[]
630	[0, 1, 2, 3]
631	[32, 33, 34, 35, 36, 37, 38, 0, 1, 31]
632	[]
633	[]
634	[29, 30, 31]
635	[]
636	[]
637	[24, 25, 26]
638	[0, 1, 2, 3]
639	[]
640	[]
641	[]
642	[]
643	[0, 1, 2, 3, 4, 6, 7, 9, 10, 11, 12, 20, 21, 22, 24, 25, 29, 30, 49, 50, 51, 52, 53, 55, 56, 57, 58, 60, 61, 62, 63, 71, 72, 73, 74]
644	[]
645	[]
646	[0, 1, 2]
647	[39, 40, 41, 42, 43, 45, 46, 47, 48, 50, 51, 52, 53]
648	[42, 43, 44, 45, 46, 47]
649	[]
650	[28, 29]
651	[]
652	[]
653	[]
654	[]
655	[]
656	[]
657	[]
658	[]
659	[]
660	[7, 8, 9, 10, 11, 12]
661	[4, 5, 6, 7, 8]
662	[]
663	[]
664	[133, 134, 135]
665	[10, 11, 12]
666	[]
667	[]
668	[]
669	[]
670	[]
671	[25, 26]
672	[]
673	[]
674	[]
675	[]
676	[5, 6, 7, 8, 9, 10, 11]
677	[35, 36, 37, 38, 39, 40, 16, 17, 18, 19, 20, 21]
678	[0]
679	[]
680	[]
681	[]
682	[]
683	[]
684	[27, 28, 29, 30]
685	[]
686	[]
687	[]
688	[]
689	[]
690	[]
691	[18, 19, 21, 22, 23, 24, 25]
692	[]
693	[]
694	[]
695	[]
696	[]
697	[]
698	[]
699	[]
700	[51, 52, 53, 54]
701	[32, 12, 29, 30, 31]
702	[]
703	[]
704	[]
705	[]
706	[]
707	[10, 11, 12, 13, 14, 15, 30, 31, 32, 34, 35, 36, 37, 64, 65, 66, 68, 69, 70, 71, 73, 74, 75]
708	[]
709	[]
710	[]
711	[]
712	[]
713	[]
714	[]
715	[]
716	[]
717	[131, 132, 9, 10, 11, 12, 13, 14, 16, 17, 18, 19, 20, 21, 22, 73, 74, 75, 76]
718	[]
719	[]
720	[]
721	[]
722	[]
723	[]
724	[]
725	[]
726	[]
727	[0, 1, 2, 3, 4, 5]
728	[]
729	[0, 1, 2, 3, 4, 5, 6, 40, 41]
730	[22, 23, 24, 25, 26, 27, 28, 29, 30]
731	[]
732	[]
733	[4, 5, 6]
734	[0, 1, 2, 3, 4]
735	[]
736	[]
737	[32, 30, 31]
738	[15]
739	[]
740	[0, 1, 2]
741	[]
742	[40, 41, 42, 43, 44, 45]
743	[]
744	[0]
745	[]
746	[]
747	[]
748	[]
749	[9, 10, 11]
750	[]
751	[]
752	[]
753	[]
754	[5, 6, 7, 8, 9, 10]
755	[]
756	[16, 17, 18, 19, 51, 52, 53, 54]
757	[]
758	[]
759	[]
760	[]
761	[0, 1, 2, 3, 4, 5, 6, 7, 8]
762	[16, 13, 14, 15]
763	[]
764	[]
765	[]
766	[]
767	[]
768	[32, 33, 18, 19, 20, 21, 30, 31]
769	[]
770	[]
771	[0, 1, 2, 3, 4, 6, 7, 8, 9, 10, 12, 13, 14, 15, 16, 61, 62, 63, 64, 65]
772	[]
773	[32, 33, 34, 35, 36, 37, 38, 39, 17, 18, 19, 20]
774	[]
775	[]
776	[]
777	[]
778	[]
779	[]
780	[]
781	[0, 1, 2, 3, 4, 5, 6, 7, 8]
782	[]
783	[45, 46, 47, 48, 49, 50, 51, 52, 53]
784	[]
785	[]
786	[80, 77, 78, 79]
787	[]
788	[]
789	[]
790	[]
791	[]
792	[]
793	[71, 40, 41, 42, 72, 73, 74]
794	[12, 13, 14, 15, 16]
795	[]
796	[65, 66, 67, 68, 69, 70, 71]
797	[40, 41, 42, 44, 45, 22, 23, 24]
798	[]
799	[]
800	[]
801	[]
802	[]
803	[72, 73, 70, 71]
804	[]
805	[]
806	[]
807	[10]
808	[32, 33, 34, 35, 27, 28, 29, 31]
809	[54, 55, 56, 57, 58, 59]
810	[]
811	[]
812	[45, 46, 47, 48, 183, 184, 185, 186]
813	[]
814	[]
815	[]
816	[64, 65, 10, 11, 12, 13, 59, 60, 61, 63]
817	[13, 14, 15, 16, 19, 20, 21]
818	[]
819	[]
820	[]
821	[]
822	[]
823	[]
824	[]
825	[92, 93, 94, 95]
826	[]
827	[]
828	[]
829	[]
830	[]
831	[]
832	[]
833	[]
834	[]
835	[5, 6, 7, 8, 9, 10]
836	[]
837	[]
838	[]
839	[]
840	[]
841	[]
842	[]
843	[]
844	[]
845	[]
846	[7, 8, 9, 10, 11, 13, 14, 15, 16, 17, 18, 19, 20]
847	[0]
848	[]
849	[]
850	[]
851	[35, 36, 37, 38, 39, 40, 41, 42]
852	[]
853	[]
854	[]
855	[]
856	[]
857	[]
858	[]
859	[4, 5, 6, 7]
860	[]
861	[4, 5, 6, 7, 8, 38, 39, 40, 41, 42, 43, 44, 16, 17, 18, 19, 20, 21]
862	[10, 11, 12, 13, 14, 16, 17, 18]
863	[]
864	[14, 15, 16, 17, 19, 20]
865	[32, 23, 24, 25, 26, 27, 29, 30, 31]
866	[]
867	[]
868	[]
869	[]
870	[47]
871	[]
872	[]
873	[]
874	[]
875	[]
876	[]
877	[]
878	[3, 12, 13, 14, 15, 16, 17, 18, 19, 20, 47, 48, 49, 50, 51, 52, 53, 54, 55, 56, 57, 58]
879	[44, 45, 46, 47, 48, 49, 50, 51, 52, 53, 54]
880	[]
881	[]
882	[]
883	[]
884	[67, 68, 69, 70, 71, 72, 15]
885	[]
886	[]
887	[]
888	[]
889	[]
890	[]
891	[]
892	[]
893	[]
894	[]
895	[]
896	[]
897	[]
898	[]
899	[]
900	[]
901	[]
902	[26, 27, 28, 29]
903	[]
904	[]
905	[35, 36, 37, 39, 40, 41]
906	[]
907	[]
908	[]
909	[]
910	[]
911	[]
912	[]
913	[227, 228, 229, 230, 231, 232, 233, 234, 235, 236, 237, 238, 239, 240]
914	[]
915	[]
916	[45, 46, 47, 19, 20, 21, 53, 54, 55, 57, 56, 59, 60, 61, 62]
917	[]
918	[]
919	[]
920	[]
921	[28, 29, 31, 32, 33, 34, 35, 36, 51, 52, 53, 54, 55, 56, 71, 72, 73, 74, 75, 76, 77]
922	[]
923	[4, 5, 6, 7, 8, 9, 11, 12]
924	[]
925	[]
926	[]
927	[]
928	[0, 1, 2, 3, 4, 5, 6, 13, 14, 15, 16, 17]
929	[]
930	[]
931	[]
932	[]
933	[]
934	[]
935	[]
936	[]
937	[]
938	[]
939	[8, 9, 10, 7]
940	[33, 34, 35, 36]
941	[]
942	[]
943	[]
944	[]
945	[]
946	[152, 153, 154, 155, 156, 157]
947	[]
948	[]
949	[]
950	[]
951	[16, 13, 14, 15]
952	[]
953	[]
954	[]
955	[]
956	[0, 1, 2, 3, 4, 50, 51, 52, 54, 55, 56, 57, 58, 59, 60, 61, 62, 63]
957	[]
958	[]
959	[]
960	[]
961	[56, 57, 58, 59]
962	[]
963	[22, 23, 24, 25, 26, 27]
964	[]
965	[]
966	[]
967	[2]
968	[11, 12, 13, 14, 15, 16, 17, 19, 20, 21, 22, 23, 24, 59, 60, 61, 62, 63, 64]
969	[8, 5, 6, 7]
970	[12, 13, 14, 15, 16]
971	[]
972	[]
973	[]
974	[32, 33, 34, 20, 21, 22, 23, 25, 26, 27, 28, 30, 31]
975	[]
976	[58, 59, 60, 61]
977	[]
978	[24, 25, 22, 23]
979	[]
980	[]
981	[]
982	[13, 14, 15, 16, 17, 18, 19, 50, 51, 52, 53, 54]
983	[15, 16, 17, 18, 19]
984	[3, 4, 5, 6, 7, 8, 9, 11, 12, 13, 14]
985	[]
986	[]
987	[36, 37, 38, 39, 40, 41, 47, 48, 49]
988	[20, 21, 22, 23]
989	[0, 1, 3, 4]
990	[]
991	[]
992	[]
993	[40, 41, 42, 43, 44, 21, 22, 23, 24]
994	[]
995	[4, 5, 6, 7, 12, 13, 14, 15, 16, 17, 18]
996	[]
997	[11, 12, 13, 14, 15]
998	[]
999	[]
1000	[]
1001	[]
1002	[33, 34, 35, 36]
1003	[]
1004	[]
1005	[]
1006	[]
1007	[]
1008	[15, 16, 17, 18, 20, 21, 22]
1009	[]
1010	[]
1011	[]
1012	[]
1013	[]
1014	[]
1015	[18, 19, 20, 21, 22, 23, 24, 25, 26]
1016	[]
1017	[]
1018	[4, 5, 6, 7, 8, 9, 10, 11, 12, 13, 14, 15]
1019	[]
1020	[]
1021	[]
1022	[]
1023	[]
1024	[52, 53, 54, 55, 56]
1025	[]
1026	[]
1027	[]
1028	[]
1029	[27, 28]
1030	[]
1031	[]
1032	[]
1033	[]
1034	[]
1035	[]
1036	[]
1037	[]
1038	[]
1039	[]
1040	[]
1041	[]
1042	[5, 6, 7, 8, 9, 10, 11, 12]
1043	[]
1044	[]
1045	[]
1046	[]
1047	[]
1048	[27, 28, 29, 30, 31]
1049	[]
1050	[]
1051	[]
1052	[]
1053	[]
1054	[]
1055	[0, 1, 2, 3, 4, 5]
1056	[]
1057	[]
1058	[]
1059	[]
1060	[]
1061	[]
1062	[0, 1, 2, 3, 4, 5]
1063	[]
1064	[]
1065	[]
1066	[]
1067	[]
1068	[]
1069	[]
1070	[]
1071	[]
1072	[5, 6, 7, 8, 9, 38, 39, 40, 41, 42]
1073	[]
1074	[32, 33, 34, 35, 36, 37, 38, 39, 40, 41, 42, 43, 44, 29, 30, 31]
1075	[]
1076	[]
1077	[26, 27, 28, 29, 30]
1078	[]
1079	[]
1080	[17, 18, 19]
1081	[20, 21, 22, 23, 24, 25, 26, 27, 28]
1082	[46, 47, 48, 49, 50, 51, 52]
1083	[]
1084	[9, 10, 11, 12, 14, 15, 16, 17, 18, 19, 20, 21, 41, 42, 43, 55, 56, 57, 59, 60, 61]
1085	[]
1086	[8, 9, 10, 6]
1087	[]
1088	[]
1089	[]
1090	[24, 23]
1091	[]
1092	[]
1093	[16, 17, 15]
1094	[]
1095	[]
1096	[]
1097	[]
1098	[]
1099	[]
1100	[]
1101	[]
1102	[16, 17, 18, 19, 20, 21, 31, 32, 33, 34, 35, 36, 50, 51, 52, 53, 54, 61, 62, 63]
1103	[]
1104	[]
1105	[]
1106	[0, 1, 2]
1107	[]
1108	[]
1109	[]
1110	[0, 1, 2, 3, 4, 6, 7, 8, 9, 10, 11, 41, 42, 46, 47, 48, 43, 44]
1111	[7, 8, 9, 10, 11, 44, 45, 46, 47, 48]
1112	[]
1113	[]
1114	[0, 1]
1115	[]
1116	[]
1117	[]
1118	[]
1119	[]
1120	[]
1121	[4, 5, 6, 7]
1122	[]
1123	[]
1124	[52]
1125	[]
1126	[]
1127	[]
1128	[]
1129	[50, 51, 52, 53]
1130	[53, 54, 55, 56, 57, 58, 59]
1131	[5, 6, 7, 8, 10, 11, 12, 13, 14]
1132	[]
1133	[]
1134	[]
1135	[]
1136	[]
1137	[10, 11, 12, 13, 14, 15, 16, 17, 18, 19]
1138	[]
1139	[5, 6, 16, 17, 18, 19, 20, 21]
1140	[]
1141	[]
1142	[]
1143	[0, 1, 2, 3, 32, 33, 34, 35, 36, 37, 27, 28, 29, 30, 31]
1144	[]
1145	[]
1146	[]
1147	[8, 9, 10, 7]
1148	[]
1149	[]
1150	[]
1151	[0, 1, 2, 3, 4, 5, 6, 50, 51, 52]
1152	[]
1153	[]
1154	[]
1155	[]
1156	[]
1157	[24, 25, 23]
1158	[]
1159	[]
1160	[64, 65, 66, 67, 36, 37, 38, 68]
1161	[]
1162	[]
1163	[40, 41, 42, 20, 21, 22]
1164	[]
1165	[]
1166	[]
1167	[]
1168	[32, 33, 35, 36, 37, 38, 39, 24, 25, 26, 27, 28, 29, 30, 31]
1169	[70, 71, 72, 74, 75, 76]
1170	[]
1171	[]
1172	[40, 39]
1173	[]
1174	[]
1175	[]
1176	[]
1177	[]
1178	[24, 25, 26, 27, 28]
1179	[]
1180	[]
1181	[]
1182	[40, 41, 39]
1183	[9, 10, 11, 13, 14, 15, 16, 18, 19, 20]
1184	[]
1185	[]
1186	[]
1187	[40, 41, 38, 39]
1188	[]
1189	[]
1190	[23]
1191	[62, 63]
1192	[]
1193	[]
1194	[]
1195	[7, 8, 9, 10, 11, 12]
1196	[]
1197	[9, 10, 24, 25, 26, 27, 28, 29]
1198	[]
1199	[]
1200	[]
1201	[]
1202	[]
1203	[39, 22, 23, 24, 25]
1204	[]
1205	[]
1206	[22, 23, 155, 156, 157, 158, 159]
1207	[]
1208	[9, 10, 11, 18, 19, 20, 21, 22, 23, 34, 35, 36, 37, 38, 40, 41, 42, 43, 44, 46, 47, 48, 49, 50, 51, 52]
1209	[]
1210	[]
1211	[]
1212	[]
1213	[]
1214	[]
1215	[]
1216	[]
1217	[]
1218	[]
1219	[]
1220	[]
1221	[]
1222	[]
1223	[6, 7, 8, 9, 10, 51, 52, 53, 54, 55, 56]
1224	[]
1225	[]
1226	[]
1227	[]
1228	[0, 1, 2, 3]
1229	[]
1230	[0, 1, 2, 3, 4, 5, 6]
1231	[8, 9, 10, 11, 13, 14, 15, 16]
1232	[]
1233	[0, 1, 2, 3, 4]
1234	[]
1235	[17, 18, 19, 20]
1236	[]
1237	[32, 33, 34, 35, 36, 37, 31]
1238	[0, 1, 2, 3, 4, 5, 6, 7]
1239	[59, 60, 61, 62]
1240	[]
1241	[]
1242	[]
1243	[]
1244	[]
1245	[]
1246	[]
1247	[]
1248	[50, 51, 52, 53]
1249	[6, 7, 8, 9, 27, 28, 29, 30, 31]
1250	[32, 33, 28, 29, 30, 31]
1251	[]
1252	[]
1253	[20]
1254	[]
1255	[]
1256	[]
1257	[]
1258	[]
1259	[]
1260	[]
1261	[]
1262	[]
1263	[0, 64, 2, 3, 4, 5, 65, 66, 62, 63]
1264	[]
1265	[]
1266	[]
1267	[]
1268	[]
1269	[]
1270	[]
1271	[]
1272	[]
1273	[]
1274	[]
1275	[]
1276	[0, 1, 2, 3, 4, 5, 6, 8, 9, 11, 12, 13, 14, 15, 16, 28, 29, 30, 31, 32, 33, 34, 35, 36, 37, 83, 84, 85, 87, 96, 97, 98, 99, 100, 101, 102, 103, 104, 105, 106]
1277	[]
1278	[8, 5, 6, 7]
1279	[78, 79, 16, 17, 18, 19, 80, 81, 82, 88, 89, 90, 91, 92]
1280	[]
1281	[]
1282	[]
1283	[]
1284	[]
1285	[]
1286	[]
1287	[]
1288	[]
1289	[]
1290	[]
1291	[]
1292	[]
1293	[]
1294	[]
1295	[]
1296	[9, 10, 11, 12, 13, 14, 18, 19, 20, 21, 22, 24, 25, 26, 27, 29, 30, 31, 32, 33, 34, 35, 36, 48, 49, 50, 51, 52, 53, 55, 56, 57, 58, 59, 60, 61, 62]
1297	[]
1298	[32, 33, 30, 31]
1299	[14, 15, 16, 17, 18]
1300	[]
1301	[]
1302	[]
1303	[]
1304	[]
1305	[44, 45, 46, 47, 49, 50, 51, 52]
1306	[]
1307	[]
1308	[]
1309	[]
1310	[16, 14, 15]
1311	[0, 1, 2, 3, 4, 5, 6, 7, 8, 10, 11, 12, 14, 15, 16, 17, 18, 19, 20, 21, 22, 23, 24, 25, 26, 27]
1312	[39, 40, 41, 42, 43]
1313	[]
1314	[]
1315	[]
1316	[]
1317	[]
1318	[2]
1319	[]
1320	[]
1321	[36, 37, 38, 39]
1322	[]
1323	[]
1324	[]
1325	[]
1326	[0, 1, 34, 35, 36, 9, 10, 11, 12, 15, 16]
1327	[]
1328	[]
1329	[]
1330	[]
1331	[]
1332	[0, 1, 2, 3, 4, 5, 6]
1333	[33, 34, 35, 36]
1334	[]
1335	[43, 44, 45, 46]
1336	[]
1337	[]
1338	[]
1339	[]
1340	[]
1341	[]
1342	[]
1343	[]
1344	[35, 36, 73, 74, 75, 76]
1345	[]
1346	[]
1347	[]
1348	[]
1349	[0, 1, 2, 3]
1350	[110]
1351	[]
1352	[]
1353	[]
1354	[]
1355	[]
1356	[]
1357	[]
1358	[51, 52, 53, 54, 55, 56]
1359	[]
1360	[]
1361	[]
1362	[]
1363	[]
1364	[]
1365	[]
1366	[6, 7, 8, 9, 10]
1367	[]
1368	[]
1369	[]
1370	[]
1371	[]
1372	[]
1373	[19]
1374	[]
1375	[]
1376	[]
1377	[0, 1, 2, 3, 5, 6, 8, 9, 20, 21, 22, 23, 24, 25, 26, 27]
1378	[]
1379	[]
1380	[]
1381	[]
1382	[]
1383	[]
1384	[]
1385	[12, 13, 14, 15, 17, 18]
1386	[5, 6, 7, 8, 9, 10]
1387	[45, 46, 47, 48, 49, 50, 51, 52, 53, 54]
1388	[]
1389	[]
1390	[9, 10, 11, 12]
1391	[]
1392	[0, 1, 2, 3, 10, 11, 12, 13, 14, 15, 16]
1393	[]
1394	[]
1395	[0, 2, 3, 4, 5]
1396	[]
1397	[]
1398	[]
1399	[46, 47, 48, 49, 21, 22, 23, 24, 25, 26, 27]
1400	[]
1401	[]
1402	[]
1403	[0, 1, 2]
1404	[24, 25, 26, 23]
1405	[]
1406	[]
1407	[]
1408	[]
1409	[]
1410	[]
1411	[]
1412	[]
1413	[]
1414	[]
1415	[]
1416	[]
1417	[35, 36, 37, 38]
1418	[]
1419	[]
1420	[]
1421	[]
1422	[]
1423	[]
1424	[]
1425	[]
1426	[]
1427	[]
1428	[]
1429	[]
1430	[]
1431	[]
1432	[]
1433	[]
1434	[]
1435	[]
1436	[]
1437	[32, 33, 25, 26, 27, 28, 29, 30, 31]
1438	[]
1439	[87, 88, 89, 90, 91, 92, 93]
1440	[]
1441	[]
1442	[42, 43, 44, 45, 46, 47]
1443	[]
1444	[16, 17, 18, 19, 20, 21, 22, 23, 24, 25, 26]
1445	[]
1446	[]
1447	[]
1448	[7, 8, 9, 10, 12, 13, 14, 19, 20, 21, 22, 23, 24, 26, 27, 28, 29, 30]
1449	[39, 40, 41, 42, 43, 44]
1450	[]
1451	[18, 19, 20, 21, 22, 23, 24]
1452	[]
1453	[16, 14, 15]
1454	[]
1455	[]
1456	[]
1457	[]
1458	[]
1459	[]
1460	[]
1461	[25, 26, 27, 28, 29, 30]
1462	[]
1463	[]
1464	[]
1465	[64, 65, 75, 76, 77, 78, 79, 80, 81, 82, 83, 84, 85, 62, 63]
1466	[]
1467	[]
1468	[]
1469	[]
1470	[]
1471	[]
1472	[]
1473	[]
1474	[]
1475	[]
1476	[]
1477	[40, 41, 42, 43, 44, 45, 46, 47]
1478	[]
1479	[]
1480	[]
1481	[]
1482	[]
1483	[]
1484	[]
1485	[]
1486	[26, 27, 50, 51, 52, 53, 54, 55, 19, 20, 21, 23, 25, 24]
1487	[]
1488	[]
1489	[]
1490	[]
1491	[]
1492	[]
1493	[64, 65, 66, 67, 68, 69, 70, 60, 61, 62, 63]
1494	[]
1495	[]
1496	[]
1497	[]
1498	[]
1499	[]
1500	[]
1501	[]
1502	[]
1503	[]
1504	[32, 33, 34, 35, 36, 48, 49, 50, 51, 52]
1505	[15, 16, 17, 18, 19, 20, 21]
1506	[]
1507	[]
1508	[15, 16, 17, 18, 19, 20, 21, 22, 23, 24]
1509	[]
1510	[26, 27]
1511	[86, 87]
1512	[]
1513	[32, 30, 31]
1514	[]
1515	[32, 33, 15, 16, 17, 18, 19, 20, 21, 28, 29, 30, 31]
1516	[]
1517	[64, 65, 66, 44, 45, 46, 47, 48, 49, 50, 51, 52, 53, 54, 61, 62, 63]
1518	[]
1519	[42, 43, 44, 45, 47, 48, 49, 50, 51, 52, 53, 54]
1520	[]
1521	[32, 33, 34, 53, 54, 55, 56]
1522	[]
1523	[]
1524	[]
1525	[0, 1, 2, 3, 4, 5]
1526	[]
1527	[12, 13, 14, 15, 16]
1528	[]
1529	[]
1530	[]
1531	[]
1532	[32, 33, 34, 35, 36, 37, 42, 43, 44, 45, 46, 48, 49, 50, 51, 52, 53]
1533	[]
1534	[0, 1, 2, 3, 4, 5, 52, 53, 54, 55]
1535	[0, 1, 2, 3, 4, 5]
1536	[]
1537	[]
1538	[]
1539	[]
1540	[]
1541	[]
1542	[]
1543	[]
1544	[]
1545	[]
1546	[]
1547	[]
1548	[]
1549	[12, 13, 14]
1550	[]
1551	[0, 1, 2, 3]
1552	[]
1553	[]
1554	[]
1555	[]
1556	[]
1557	[]
1558	[]
1559	[75, 44, 45, 46, 47, 48, 76, 77, 27, 28, 29, 30, 31]
1560	[9, 10, 11, 12, 13]
1561	[]
1562	[44, 45, 46, 47, 48, 49]
1563	[]
1564	[47, 48, 49, 50, 51, 52, 53, 54]
1565	[]
1566	[]
1567	[25, 26]
1568	[]
1569	[97, 98, 99, 100, 101, 102, 88]
1570	[]
1571	[41, 42, 43, 44, 45, 46, 47, 48, 49, 50, 51, 52, 53, 91, 92, 93, 94, 95, 96]
1572	[13, 14, 15, 16, 17, 18]
1573	[35, 36, 37, 38, 39, 40, 41, 42, 43, 44]
1574	[]
1575	[]
1576	[]
1577	[10, 11, 12, 13, 14, 16, 17, 19, 20, 21, 22, 23]
1578	[]
1579	[]
1580	[0, 1, 20, 21, 22, 23]
1581	[]
1582	[]
1583	[80, 77, 78, 79]
1584	[]
1585	[11, 12, 13, 14, 15, 16, 17, 18, 19]
1586	[]
1587	[]
1588	[]
1589	[50, 51, 52, 53]
1590	[]
1591	[]
1592	[0, 1]
1593	[0, 1, 2, 3, 5, 6, 7, 28, 29, 30, 31, 40, 41, 42, 43, 44, 46, 47, 48, 49]
1594	[]
1595	[]
1596	[]
1597	[]
1598	[0, 1, 2, 3, 4, 5, 6, 7, 8, 9]
1599	[32, 33, 34]
1600	[]
1601	[86, 87, 88, 89, 90]
1602	[]
1603	[]
1604	[]
1605	[]
1606	[]
1607	[32, 33, 35, 36, 37, 38, 39, 16, 17, 18, 19, 52, 53, 54, 55, 20, 30, 31]
1608	[]
1609	[21, 22, 23, 24, 25, 26, 27, 28, 29]
1610	[]
1611	[12, 13, 14, 15]
1612	[]
1613	[]
1614	[]
1615	[]
1616	[]
1617	[32, 33, 41, 42, 43, 44, 29, 30, 31]
1618	[]
1619	[]
1620	[7, 8, 9, 10, 11, 12]
1621	[0, 1, 3, 4, 5, 6, 39, 40, 41, 42, 43]
1622	[]
1623	[8, 5, 6, 7]
1624	[9, 10, 11, 12, 13, 14]
1625	[]
1626	[]
1627	[16, 17, 18, 15]
1628	[]
1629	[]
1630	[0, 1, 2, 3, 4, 36, 37, 38, 39, 17, 18, 19, 20, 21]
1631	[]
1632	[]
1633	[]
1634	[]
1635	[]
1636	[21, 22, 23, 24, 25, 26]
1637	[]
1638	[]
1639	[0, 13, 14, 15, 16]
1640	[]
1641	[]
1642	[32, 33, 34, 35, 36, 38, 39]
1643	[50, 51, 52, 53, 54, 55]
1644	[]
1645	[7, 21, 22, 23, 24]
1646	[]
1647	[]
1648	[]
1649	[22, 23, 24, 25, 26]
1650	[]
1651	[]
1652	[]
1653	[]
1654	[]
1655	[]
1656	[32, 29, 30, 31]
1657	[]
1658	[]
1659	[]
1660	[]
1661	[]
1662	[]
1663	[]
1664	[0, 1, 2, 4, 5, 6, 21, 22, 23]
1665	[]
1666	[32, 33, 36, 37, 16, 17, 18, 19, 20, 21, 22, 28, 29, 30, 31]
1667	[]
1668	[]
1669	[]
1670	[0, 1, 2, 3, 4, 5]
1671	[]
1672	[]
1673	[]
1674	[]
1675	[41, 42, 43, 44, 45, 46]
1676	[]
1677	[6, 7, 8, 9, 10, 12, 13, 14, 53, 54, 55, 56]
1678	[]
1679	[]
1680	[]
1681	[]
1682	[3, 4, 5, 6, 7, 8, 41, 42, 43, 44]
1683	[]
1684	[]
1685	[]
1686	[]
1687	[]
1688	[32, 24, 25, 26, 27, 29, 30, 31]
1689	[]
1690	[]
1691	[]
1692	[]
1693	[24, 25]
1694	[]
1695	[]
1696	[]
1697	[]
1698	[]
1699	[]
1700	[]
1701	[]
1702	[45, 46, 47, 48, 49, 51, 52, 21, 22, 23, 24, 25, 53, 54]
1703	[]
1704	[9, 10, 11, 12, 18, 19, 20, 21, 22, 23, 24, 40, 41, 42, 43, 52, 53, 54, 55]
1705	[22, 23, 24, 25, 26, 27, 29, 30, 31, 32, 49, 50, 51, 52, 53, 54, 56, 57, 58, 59, 60, 61]
1706	[]
1707	[]
1708	[0, 1, 2, 3]
1709	[]
1710	[]
1711	[]
1712	[]
1713	[]
1714	[]
1715	[32, 33, 34, 35, 36, 37, 31]
1716	[]
1717	[]
1718	[]
1719	[5, 6, 7, 8, 9]
1720	[]
1721	[]
1722	[]
1723	[64, 65, 66, 13, 14, 15, 16, 61, 62, 63]
1724	[]
1725	[]
1726	[0, 1, 2, 3, 4, 5, 6, 7]
1727	[]
1728	[]
1729	[]
1730	[]
1731	[]
1732	[]
1733	[9, 10, 11, 12, 13, 14]
1734	[]
1735	[]
1736	[]
1737	[]
1738	[]
1739	[]
1740	[40, 38, 39]
1741	[7, 8, 9, 10, 12, 13, 14, 149, 150, 151, 152, 153, 170, 171, 172, 173, 174, 64, 65, 66, 67, 68, 69, 70, 72, 73, 74, 75, 76, 77, 78, 79, 96, 97, 102, 103, 104, 105, 106, 107, 108, 109, 111, 112, 113, 114, 115, 117, 118, 119, 120, 121]
1742	[]
1743	[]
1744	[74, 75, 76, 77, 78, 79, 81, 82, 83]
1745	[67, 68, 69, 14, 15, 16, 49, 50, 51, 52, 53]
1746	[]
1747	[64, 65, 66, 67, 68, 42, 16]
1748	[]
1749	[]
1750	[]
1751	[]
1752	[]
1753	[]
1754	[]
1755	[98, 99, 100, 101]
1756	[]
1757	[]
1758	[]
1759	[]
1760	[65, 66, 60, 61, 62, 63]
1761	[37, 38, 39, 40, 41, 42, 43, 44, 47, 48, 49, 50, 51, 63, 64, 65, 66, 67, 68, 69, 70]
1762	[]
1763	[]
1764	[]
1765	[]
1766	[]
1767	[]
1768	[]
1769	[51, 52, 53]
1770	[44, 45, 46, 47, 48]
1771	[10, 11, 13, 14, 15, 20, 21, 28, 29, 30]
1772	[]
1773	[]
1774	[]
1775	[]
1776	[]
1777	[]
1778	[]
1779	[98, 99, 100, 91, 92, 93]
1780	[]
1781	[0, 1, 2]
1782	[]
1783	[]
1784	[]
1785	[36, 38, 39, 40, 41]
1786	[]
1787	[]
1788	[]
1789	[64, 65, 66, 67, 68, 69, 56, 57, 58, 59, 60, 62, 63]
1790	[]
1791	[]
1792	[]
1793	[13, 14, 15, 16, 17, 19, 20, 21, 22]
1794	[]
1795	[]
1796	[]
1797	[]
1798	[]
1799	[]
1800	[]
1801	[]
1802	[]
1803	[]
1804	[]
1805	[]
1806	[0, 68, 69, 70]
1807	[8, 9, 10, 7]
1808	[]
1809	[]
1810	[26, 27, 28, 29, 30, 31]
1811	[64, 66, 67, 68, 69, 70, 61, 62, 63]
1812	[]
1813	[]
1814	[32, 29, 30, 31]
1815	[7, 8, 9, 10, 11, 12, 13]
1816	[]
1817	[0, 1, 2, 3, 4]
1818	[]
1819	[]
1820	[]
1821	[16, 17, 15]
1822	[]
1823	[]
1824	[]
1825	[]
1826	[]
1827	[]
1828	[]
1829	[]
1830	[]
1831	[]
1832	[]
1833	[64, 34, 35, 36, 37, 38, 60, 63, 61, 62, 25, 26, 27, 28, 29, 30, 31]
1834	[]
1835	[]
1836	[]
1837	[]
1838	[64, 65, 66, 67, 68, 69, 39, 40, 41, 42, 43, 44, 45, 62, 63]
1839	[]
1840	[]
1841	[32, 26, 27, 28, 29, 30, 31]
1842	[]
1843	[]
1844	[]
1845	[]
1846	[]
1847	[]
1848	[]
1849	[6, 7, 9, 10, 11, 12, 13, 14, 15, 16]
1850	[]
1851	[]
1852	[]
1853	[]
1854	[]
1855	[13, 14, 15, 16, 17, 18, 19]
1856	[114, 115, 116]
1857	[]
1858	[]
1859	[32, 33, 34, 35, 29, 30, 31]
1860	[]
1861	[]
1862	[]
1863	[11, 28, 29, 30, 32, 33, 34, 35, 36, 37, 39, 40, 41, 43, 44, 45, 46, 47, 48]
1864	[]
1865	[]
1866	[]
1867	[13, 14, 15, 16, 50, 51, 52, 53, 54, 56, 57, 58, 59, 61, 62, 63, 64, 66, 67]
1868	[]
1869	[]
1870	[]
1871	[]
1872	[]
1873	[]
1874	[]
1875	[]
1876	[]
1877	[]
1878	[]
1879	[]
1880	[]
1881	[]
1882	[19, 20, 21, 22]
1883	[]
1884	[]
1885	[]
1886	[]
1887	[]
1888	[36, 37, 38, 39]
1889	[]
1890	[]
1891	[]
1892	[]
1893	[0, 1, 2]
1894	[]
1895	[]
1896	[]
1897	[]
1898	[0, 1, 2, 3, 4, 7, 8, 9, 10, 11, 12, 13, 35, 36, 37, 38, 39, 40, 41, 42, 61, 62, 63, 64, 65, 67, 68, 69, 70, 71, 72]
1899	[]
1900	[0, 1]
1901	[18, 19, 20, 21]
1902	[32, 33, 34, 36, 37, 38, 39, 40, 42, 43, 44, 45, 46, 31]
1903	[]
1904	[]
1905	[]
1906	[]
1907	[]
1908	[224, 225, 226, 227, 228, 229, 106, 107, 108, 109, 110, 111, 112, 113, 114, 221, 222, 223]
1909	[]
1910	[]
1911	[]
1912	[]
1913	[]
1914	[]
1915	[9, 10, 11, 12, 13, 14, 16, 17, 18]
1916	[]
1917	[]
1918	[]
1919	[19, 20]
1920	[]
1921	[]
1922	[]
1923	[36, 37, 38, 39]
1924	[]
1925	[]
1926	[8, 9, 10]
1927	[]
1928	[]
1929	[]
1930	[]
1931	[19, 20, 21, 22, 23]
1932	[]
1933	[]
1934	[]
1935	[]
1936	[]
1937	[]
1938	[]
1939	[]
1940	[68, 69, 70]
1941	[58, 59, 60, 61]
1942	[]
1943	[6, 7, 8, 9, 10, 11, 13, 14, 111, 112, 113]
1944	[55]
1945	[]
1946	[]
1947	[]
1948	[]
1949	[]
1950	[]
1951	[]
1952	[]
1953	[]
1954	[]
1955	[]
1956	[]
1957	[]
1958	[]
1959	[]
1960	[]
1961	[]
1962	[57, 58, 59, 60]
1963	[]
1964	[]
1965	[]
1966	[]
1967	[]
1968	[0, 1, 2, 3, 4, 5]
1969	[25, 26, 27, 28]
1970	[]
1971	[24, 25, 22, 23]
1972	[]
1973	[]
1974	[4, 5, 6, 7, 8, 9, 11, 12, 13, 14, 15, 16, 17, 18]
1975	[9, 10, 11, 13, 14]
1976	[]
1977	[]
1978	[]
1979	[65, 66, 67, 68, 8, 9, 10, 11, 12]
1980	[]
1981	[]
1982	[]
1983	[]
1984	[]
1985	[]
1986	[]
1987	[51, 52, 53, 54, 55, 56]
1988	[]
1989	[135, 136, 137, 138, 139, 140, 141, 155, 156, 157, 158, 159, 160, 43, 50, 51, 52, 182, 183, 184, 185, 186, 80, 81, 82, 83, 84, 85, 86, 87, 88]
1990	[]
1991	[]
1992	[8, 9, 10, 11, 12, 13, 15, 16, 17, 18, 19, 21, 22, 23, 24, 26, 27, 28, 29, 31, 32, 33, 34, 35, 36, 37, 39, 40, 41, 42, 43, 44, 45, 46, 47, 48, 49, 82, 83, 84, 85]
1993	[56, 57, 58]
1994	[0, 1, 2, 3, 4, 6, 7, 8, 9, 10, 11, 51, 52]
1995	[]
1996	[]
1997	[32, 33, 34, 23, 24, 25, 26, 27, 28, 29, 31]
1998	[]
1999	[]
2000	[38, 39, 40, 41, 42]
2001	[41, 43, 44, 45, 46, 47, 48, 49, 50, 51, 52, 54, 55, 56, 57, 58]
2002	[]
2003	[]
2004	[]
2005	[72, 73, 74, 75, 76, 77, 78, 15, 16, 17, 18, 19]
2006	[]
2007	[19, 20, 21, 22]
2008	[32, 33, 34, 39, 40, 41, 43, 44, 45, 46]
2009	[]
2010	[]
2011	[]
2012	[]
2013	[146, 19, 20, 21, 22, 23, 147, 148, 149, 150, 151]
2014	[]
2015	[]
2016	[]
2017	[]
2018	[]
2019	[]
2020	[]
2021	[]
2022	[]
2023	[]
2024	[]
2025	[]
2026	[]
2027	[]
2028	[0, 1, 2, 3]
2029	[]
2030	[]
2031	[]
2032	[]
2033	[]
2034	[]
2035	[64, 65, 66, 67, 69, 38, 39, 40, 41, 42, 43, 70, 71, 72, 73, 74, 62, 63]
2036	[]
2037	[]
2038	[32, 33, 34, 35, 23, 24, 25, 26, 27, 28, 30, 31]
2039	[]
2040	[]
2041	[]
2042	[]
2043	[]
2044	[]
2045	[16, 17, 18, 19, 20, 34, 35, 36, 37, 38, 39, 40, 46, 47, 48, 49, 50, 51, 69, 70, 71, 72, 73, 75, 76, 77, 78]
2046	[]
2047	[24, 25]
2048	[19, 20, 21, 22, 23]
2049	[45, 46, 47, 48, 49]
2050	[]
2051	[0, 1, 2, 3, 4]
2052	[8, 5, 6, 7]
2053	[]
2054	[]
2055	[]
2056	[0, 1, 2, 3, 4, 5, 7, 8, 9, 10]
2057	[]
2058	[]
2059	[42, 43, 44, 45, 46, 20, 21, 22, 23, 24, 26, 27, 28, 29, 30]
2060	[]
2061	[49, 50, 51, 52, 53, 54, 55, 56, 57, 58]
2062	[33, 34, 35]
2063	[]
2064	[]
2065	[]
2066	[]
2067	[]
2068	[]
2069	[112, 113, 114, 111]
2070	[]
2071	[]
2072	[25, 26, 27, 28]
2073	[]
2074	[]
2075	[]
2076	[]
2077	[]
2078	[]
2079	[]
2080	[9, 10, 11]
2081	[11, 12, 13]
2082	[4, 5, 6, 40, 41, 42, 43, 44]
2083	[]
2084	[]
2085	[]
2086	[]
2087	[34, 35, 36, 37]
2088	[26, 27, 29, 30]
2089	[]
2090	[]
2091	[]
2092	[9, 10, 11, 12, 13, 14, 15, 16]
2093	[]
2094	[]
2095	[]
2096	[48, 44, 45, 47]
2097	[89, 88, 9, 10, 11, 12, 13, 20, 21, 22, 23, 24, 84, 26, 27, 86, 87]
2098	[]
2099	[]
2100	[]
2101	[]
2102	[]
2103	[50, 51, 52, 53, 54, 55]
2104	[]
2105	[]
2106	[8, 9, 10, 11]
2107	[]
2108	[]
2109	[]
2110	[0, 1, 2, 3, 4, 5, 7, 8, 9, 10, 11, 13, 14, 15, 23, 24, 25, 26, 28, 29, 30, 31, 34, 35, 36, 45, 46, 47, 48, 50, 51, 52, 53]
2111	[11, 12, 14, 15]
2112	[51, 52, 53, 54, 55, 56, 57, 58]
2113	[0, 1, 2, 3, 4, 5, 6, 7, 8, 9]
2114	[]
2115	[23, 24, 25, 26, 27, 28]
2116	[]
2117	[33, 34, 35, 36, 37, 38, 39, 28, 29, 30, 31]
2118	[]
2119	[0, 21, 22, 23, 24]
2120	[]
2121	[]
2122	[]
2123	[]
2124	[]
2125	[]
2126	[]
2127	[54, 55, 56, 57, 58, 59]
2128	[3, 4, 5, 6, 7, 8, 22, 23, 24]
2129	[]
2130	[15]
2131	[]
2132	[]
2133	[]
2134	[]
2135	[]
2136	[5, 6, 7, 8, 9, 10]
2137	[]
2138	[]
2139	[]
2140	[]
2141	[]
2142	[]
2143	[44, 45, 46, 47, 48]
2144	[]
2145	[]
2146	[]
2147	[]
2148	[0, 1, 2, 3, 4, 5, 6, 7, 8, 9, 10, 12, 13, 14, 33, 34, 35, 36, 37, 38, 39, 40, 41]
2149	[16, 17, 18]
2150	[85, 86, 87, 88, 89]
2151	[]
2152	[]
2153	[]
2154	[]
2155	[84, 85, 86, 87, 88, 89, 90, 91, 92, 93]
2156	[]
2157	[4, 5, 6, 7, 8, 9, 10]
2158	[]
2159	[]
2160	[]
2161	[]
2162	[]
2163	[]
2164	[]
2165	[]
2166	[]
2167	[]
2168	[]
2169	[]
2170	[]
2171	[]
2172	[]
2173	[]
2174	[0, 1, 2, 3, 4, 5, 7, 8, 9, 10, 11, 12, 13, 14]
2175	[]
2176	[]
2177	[]
2178	[]
2179	[]
2180	[]
2181	[]
2182	[]
2183	[]
2184	[]
2185	[]
2186	[]
2187	[]
2188	[32, 33, 34, 27, 28, 29, 30, 31]
2189	[]
2190	[]
2191	[34, 35, 36, 37, 38, 39]
2192	[]
2193	[]
2194	[]
2195	[5, 6, 7, 8, 9, 10, 11, 12, 13]
2196	[]
2197	[]
2198	[]
2199	[]
2200	[]
2201	[]
2202	[]
2203	[0, 1, 2]
2204	[0, 1, 2, 3, 4, 5]
2205	[]
2206	[]
2207	[]
2208	[]
2209	[]
2210	[]
2211	[]
2212	[]
2213	[]
2214	[]
2215	[]
2216	[7, 8, 9, 10, 11]
2217	[]
2218	[]
2219	[36, 37, 38, 39, 40, 41]
2220	[]
2221	[]
2222	[]
2223	[]
2224	[32, 34, 27, 28, 29, 30, 31]
2225	[58, 59, 60, 61]
2226	[]
2227	[]
2228	[40, 41, 42, 43, 44, 10, 11, 12, 13, 14, 15, 16, 17]
2229	[]
2230	[]
2231	[]
2232	[]
2233	[]
2234	[]
2235	[32, 30, 31]
2236	[13, 14, 15, 16, 17, 18]
2237	[]
2238	[]
2239	[]
2240	[5, 6, 7, 9, 10, 11]
2241	[]
2242	[]
2243	[]
2244	[]
2245	[]
2246	[]
2247	[]
2248	[]
2249	[]
2250	[5, 6, 7, 8, 9, 10, 11, 20, 21, 22, 23, 24, 57, 58, 59, 60, 61]
2251	[]
2252	[64, 65, 66, 63]
2253	[36, 37, 38, 39, 40, 41, 43, 44, 45]
2254	[]
2255	[]
2256	[]
2257	[]
2258	[]
2259	[0, 1, 3, 4, 5]
2260	[]
2261	[]
2262	[]
2263	[32, 33, 34, 35, 36, 37, 30, 31]
2264	[]
2265	[]
2266	[23, 24, 25, 26, 27, 28, 30, 31, 32, 33, 34, 44, 45, 46, 47, 48, 50, 51, 52, 53, 54, 56, 57, 58, 59]
2267	[]
2268	[]
2269	[]
2270	[]
2271	[]
2272	[]
2273	[18, 19, 20, 21]
2274	[]
2275	[]
2276	[]
2277	[]
2278	[]
2279	[]
2280	[]
2281	[]
2282	[]
2283	[]
2284	[]
2285	[]
2286	[]
2287	[0, 1, 2]
2288	[]
2289	[]
2290	[]
2291	[]
2292	[]
2293	[]
2294	[64, 65, 66, 67, 95, 92, 93, 94, 63]
2295	[]
2296	[32, 80, 81, 82, 83, 84, 85, 28, 29, 30, 31]
2297	[]
2298	[9, 10, 11, 12, 15, 16, 17, 18, 20, 21, 22, 23, 24, 25, 26]
2299	[]
2300	[64, 65, 66, 104, 105, 106, 107, 108, 63]
2301	[]
2302	[0, 19]
2303	[]
2304	[]
2305	[]
2306	[]
2307	[]
2308	[]
2309	[]
2310	[]
2311	[32, 33, 34, 27, 28, 29, 30]
2312	[]
2313	[]
2314	[4, 5, 6, 7, 79, 80, 81, 82, 83, 84, 85]
2315	[32, 19, 20, 21, 22, 23, 24, 25, 26, 27, 28, 29, 30, 31]
2316	[49, 50, 51, 52, 53]
2317	[]
2318	[]
2319	[]
2320	[24, 25, 26]
2321	[]
2322	[]
2323	[]
2324	[]
2325	[]
2326	[8, 4, 5, 7]
2327	[]
2328	[]
2329	[]
2330	[4, 5, 6, 7, 8, 9, 10, 11, 12, 25, 26, 27, 29, 31, 32, 34, 35, 36, 37, 60, 61, 62, 63, 64, 66, 67, 68, 69, 71, 72, 73, 74]
2331	[]
2332	[]
2333	[]
2334	[]
2335	[]
2336	[]
2337	[29, 30]
2338	[0]
2339	[]
2340	[]
2341	[]
2342	[]
2343	[]
2344	[34, 35, 36, 37, 38, 39, 7, 41, 42, 43, 8, 9, 10, 11]
2345	[0, 1, 2, 3, 4, 5, 6, 7, 17, 18, 19, 20, 21, 53, 54, 55, 57, 56]
2346	[]
2347	[]
2348	[]
2349	[]
2350	[]
2351	[]
2352	[32, 26, 27, 28, 29, 30, 31]
2353	[]
2354	[5, 6]
2355	[]
2356	[41, 42, 43, 44]
2357	[72, 73, 74, 75, 76, 77, 78, 80, 81, 82, 83]
2358	[]
2359	[]
2360	[]
2361	[96, 97, 98, 99, 100, 101, 102, 89, 90, 91, 92, 93, 94, 95]
2362	[]
2363	[]
2364	[]
2365	[]
2366	[]
2367	[]
2368	[43, 44, 45, 14, 15, 16, 17, 46, 47, 48]
2369	[]
2370	[]
2371	[]
2372	[]
2373	[0, 1, 2, 3, 4, 5]
2374	[]
2375	[80, 81, 52, 53, 55, 56, 57, 58]
2376	[]
2377	[]
2378	[18, 19, 20, 21, 22, 23]
2379	[]
2380	[]
2381	[]
2382	[0, 1, 2, 32, 4, 5, 6, 7, 8, 9, 33, 34, 35, 31]
2383	[]
2384	[14, 15, 27, 28, 29, 30]
2385	[]
2386	[0, 1, 2, 3, 4, 5, 6, 7, 8, 9]
2387	[19, 20, 21, 22, 24, 25, 26, 27, 28, 29, 44, 45, 46, 47, 48, 49, 50, 52, 53, 54, 55, 56, 57]
2388	[4, 5, 6, 7, 8, 9, 11, 12, 13, 14, 15]
2389	[]
2390	[]
2391	[]
2392	[]
2393	[]
2394	[]
2395	[]
2396	[]
2397	[]
2398	[]
2399	[]
2400	[]
2401	[]
2402	[26, 27, 28, 29]
2403	[9, 10, 11]
2404	[]
2405	[34, 19, 20]
2406	[]
2407	[39, 40, 41, 42, 43, 44, 71, 72, 73, 74, 75, 77, 78, 79, 80, 81]
2408	[]
2409	[]
2410	[]
2411	[49, 50]
2412	[]
2413	[]
2414	[0, 1, 2, 3, 5, 6, 7, 8, 40, 41]
2415	[]
2416	[32, 33, 34, 36, 37, 38]
2417	[]
2418	[]
2419	[34, 35, 36, 37, 38, 17, 18, 19]
2420	[65, 99, 100, 101, 102, 103]
2421	[]
2422	[]
2423	[]
2424	[]
2425	[]
2426	[]
2427	[73, 74, 75, 76, 77]
2428	[]
2429	[]
2430	[5, 6, 7, 8, 9, 10, 27, 28, 29, 30, 31]
2431	[33, 34, 35, 21, 22, 23, 24, 25, 26, 27, 28]
2432	[38, 39, 40, 41, 42, 43, 44]
2433	[]
2434	[]
2435	[0, 1, 2, 3, 4, 5, 6, 7, 8, 9, 10, 11]
2436	[32, 30, 31]
2437	[258, 259, 260, 201, 202, 203, 204, 205, 206, 207, 208, 209, 210, 211]
2438	[]
2439	[40, 41, 42]
2440	[]
2441	[]
2442	[]
2443	[]
2444	[]
2445	[11, 12, 13, 14, 15, 16, 17]
2446	[]
2447	[41, 42, 43, 44, 46, 47, 48, 49, 50, 57, 58, 59]
2448	[]
2449	[]
2450	[]
2451	[]
2452	[]
2453	[]
2454	[]
2455	[]
2456	[]
2457	[]
2458	[0, 1, 2, 3, 4, 5, 85, 86, 87, 88, 89, 90]
2459	[]
2460	[]
2461	[]
2462	[44, 45, 46, 47, 48, 49, 50]
2463	[9, 10, 11, 12, 13, 15, 16, 17, 18, 19]
2464	[]
2465	[32, 33, 34, 35, 36, 37, 8, 30, 31]
2466	[]
2467	[]
2468	[]
2469	[]
2470	[]
2471	[]
2472	[32, 26, 27, 28, 29, 30, 31]
2473	[32, 33, 34, 35, 36, 37, 29, 30, 31]
2474	[64, 65, 66, 67, 68, 37, 38, 39, 40, 69, 70, 71, 73, 74, 75, 76, 63]
2475	[0, 1, 2, 4, 5, 6, 7, 8, 52, 53, 54, 55, 56, 57, 58]
2476	[67, 68]
2477	[]
2478	[]
2479	[6, 7, 8, 9, 10, 12, 13, 14, 15, 16, 17]
2480	[0, 1, 2, 3, 4]
2481	[]
2482	[28, 29, 30, 31]
2483	[]
2484	[]
2485	[0, 1, 2, 3, 15, 16, 17, 19, 20, 21, 22, 23, 24, 25, 46, 47, 48, 49, 50, 51]
2486	[]
2487	[]
2488	[]
2489	[]
2490	[]
2491	[7, 8, 9, 10, 11, 12, 13, 38, 39, 40, 41, 42, 44, 45, 46, 47, 48, 50, 51, 52]
2492	[]
2493	[112, 113, 114, 115, 116]
2494	[]
2495	[85, 86, 87, 88, 89, 90]
2496	[]
2497	[]
2498	[4, 5, 6, 7]
2499	[24, 22, 23]
2500	[]
2501	[8, 5, 6, 7]
2502	[]
2503	[]
2504	[]
2505	[]
2506	[]
2507	[8, 6, 7]
2508	[]
2509	[4, 5, 6, 7, 8]
2510	[]
2511	[]
2512	[]
2513	[]
2514	[0, 1, 2, 3, 5, 6, 8, 9]
2515	[]
2516	[3, 5, 6, 7, 8, 9]
2517	[]
2518	[24, 23]
2519	[]
2520	[233, 234, 235]
2521	[]
2522	[]
2523	[17, 19, 20]
2524	[]
2525	[]
2526	[20, 21, 22]
2527	[]
2528	[]
2529	[]
2530	[]
2531	[]
2532	[]
2533	[]
2534	[16, 17, 18, 19]
2535	[]
2536	[0, 1, 2]
2537	[]
2538	[]
2539	[]
2540	[]
2541	[]
2542	[]
2543	[]
2544	[]
2545	[]
2546	[]
2547	[]
2548	[]
2549	[]
2550	[]
2551	[]
2552	[]
2553	[]
2554	[]
2555	[]
2556	[]
2557	[]
2558	[]
2559	[]
2560	[]
2561	[]
2562	[]
2563	[6, 7, 8, 9, 10]
2564	[]
2565	[]
2566	[]
2567	[8, 9, 10, 11]
2568	[]
2569	[]
2570	[]
2571	[]
2572	[0]
2573	[]
2574	[42, 43, 44, 26, 27, 28]
2575	[]
2576	[]
2577	[]
2578	[]
2579	[7, 8, 9, 10, 11, 12, 42, 43, 44, 45, 46, 47]
2580	[]
2581	[]
2582	[]
2583	[0, 1, 2, 38, 39, 40, 41]
2584	[0, 1, 2, 3, 4, 5, 6]
2585	[]
2586	[]
2587	[]
2588	[]
2589	[]
2590	[]
2591	[]
2592	[]
2593	[]
2594	[]
2595	[]
2596	[]
2597	[]
2598	[]
2599	[14, 15, 16, 17, 18, 20, 21, 22, 24, 25, 26, 27]
2600	[]
2601	[]
2602	[]
2603	[]
2604	[4, 5, 6, 7, 26, 27, 28, 29]
2605	[49, 50, 51, 52, 53, 54, 56, 57, 58, 59]
2606	[4, 5, 6, 7, 9, 10, 11, 12]
2607	[]
2608	[]
2609	[]
2610	[]
2611	[23, 24, 25, 26, 28, 29]
2612	[]
2613	[]
2614	[0, 1, 2, 3]
2615	[]
2616	[]
2617	[]
2618	[]
2619	[]
2620	[]
2621	[24, 21, 22, 23]
2622	[]
2623	[]
2624	[]
2625	[]
2626	[36, 37, 38, 39]
2627	[]
2628	[10, 11, 12, 13, 14]
2629	[66, 67, 69, 70, 71, 72, 47, 48, 20, 21, 22, 23, 24, 25, 26, 27]
2630	[]
2631	[32, 33, 34, 35, 37, 38, 39, 40, 31]
2632	[]
2633	[]
2634	[9, 10, 11, 12, 14, 15, 16, 17]
2635	[]
2636	[0]
2637	[32, 33, 34, 35, 36, 37, 38, 39, 40, 41, 30, 31]
2638	[15, 16, 17, 18, 19]
2639	[77, 78, 79, 81, 82, 83, 84, 85, 86, 87, 88, 89, 90]
2640	[66, 67, 68, 105, 106, 107, 108, 109, 110, 111, 91, 92, 93, 94]
2641	[]
2642	[]
2643	[6, 7, 8, 9, 38, 39, 40, 41, 42, 61, 62, 63, 64, 65, 66, 67, 76, 77, 78, 79, 80]
2644	[]
2645	[]
2646	[]
2647	[]
2648	[]
2649	[]
2650	[]
2651	[]
2652	[]
2653	[]
2654	[]
2655	[]
2656	[99, 100, 101, 102, 103, 104, 105, 107, 139, 140, 141]
2657	[]
2658	[]
2659	[0, 1, 2, 3, 4]
2660	[]
2661	[]
2662	[]
2663	[]
2664	[]
2665	[]
2666	[90, 91, 92, 93, 94]
2667	[]
2668	[19, 20, 60, 61, 62, 63]
2669	[]
2670	[2]
2671	[]
2672	[]
2673	[]
2674	[]
2675	[]
2676	[]
2677	[]
2678	[24, 21, 22, 23]
2679	[]
2680	[]
2681	[]
2682	[]
2683	[]
2684	[]
2685	[]
2686	[24, 25, 26, 23]
2687	[42, 43, 44, 45, 46]
2688	[]
2689	[]
2690	[]
2691	[]
2692	[3, 4, 5, 6, 7, 8, 26, 27, 28]
2693	[12, 13, 14, 15, 16]
2694	[]
2695	[32, 33, 30, 31]
2696	[]
2697	[26, 27, 28, 29, 30, 31]
2698	[]
2699	[0, 1, 2, 3, 5, 6, 7, 8, 10, 11, 12, 13, 14]
2700	[]
2701	[]
2702	[]
2703	[138, 139, 140, 141, 115]
2704	[]
2705	[]
2706	[88, 89, 90, 91, 92]
2707	[]
2708	[]
2709	[]
2710	[]
2711	[]
2712	[]
2713	[]
2714	[]
2715	[]
2716	[]
2717	[24, 25, 22, 23]
2718	[18, 19, 20, 21, 22, 23, 24, 25, 26, 27, 28, 29, 35, 36, 37, 38, 39, 80, 81, 82, 83, 84, 85, 86, 87, 88, 113, 114, 115, 116, 117]
2719	[24, 25]
2720	[]
2721	[43, 44, 45, 46, 55, 56, 57, 58, 59]
2722	[]
2723	[]
2724	[]
2725	[]
2726	[]
2727	[]
2728	[0, 1, 2, 3, 4, 5, 7, 8, 9, 10, 11, 13, 14, 15, 16, 38, 39, 40, 41]
2729	[]
2730	[]
2731	[]
2732	[]
2733	[]
2734	[]
2735	[]
2736	[10, 11, 12, 13, 14]
2737	[15]
2738	[]
2739	[]
2740	[]
2741	[9, 10, 11, 12, 13, 14]
2742	[]
2743	[]
2744	[]
2745	[]
2746	[0, 1, 2, 4, 5, 6, 7, 8, 10, 11, 12, 13]
2747	[]
2748	[]
2749	[]
2750	[]
2751	[]
2752	[]
2753	[0, 1, 2, 3, 4, 5, 6, 19, 20, 21, 22, 23, 24, 38, 39, 40, 41, 43, 46, 47, 50, 51, 52, 53, 55, 57, 58, 59, 60, 61, 62, 63, 64, 65, 66, 67, 68]
2754	[]
2755	[]
2756	[32, 33, 34, 35, 36, 30, 31]
2757	[3, 4, 5, 6, 7, 8, 10, 11, 12, 13, 14, 16, 17, 18, 19]
2758	[]
2759	[]
2760	[]
2761	[7, 8, 9, 10, 11, 12]
2762	[]
2763	[64, 65, 66, 67, 57]
2764	[]
2765	[]
2766	[]
2767	[]
2768	[]
2769	[]
2770	[]
2771	[]
2772	[0, 97, 2, 3, 98, 99, 100]
2773	[]
2774	[]
2775	[]
2776	[]
2777	[16, 17, 18]
2778	[]
2779	[]
2780	[51, 52, 53, 54, 55, 56]
2781	[]
2782	[]
2783	[]
2784	[41, 42, 11, 12, 13, 43, 45, 46, 47, 48, 49]
2785	[]
2786	[]
2787	[]
2788	[]
2789	[]
2790	[]
2791	[]
2792	[]
2793	[0, 1, 2, 3, 4, 5, 53, 54, 55, 56, 57]
2794	[]
2795	[4, 5]
2796	[]
2797	[]
2798	[]
2799	[]
2800	[]
2801	[32, 33, 34, 35, 36, 37, 29, 30, 31]
2802	[12, 13, 14, 15, 16, 17]
2803	[5, 6, 7, 8, 9]
2804	[]
2805	[]
2806	[]
2807	[]
2808	[]
2809	[]
2810	[]
2811	[]
2812	[]
2813	[]
2814	[32, 33, 34, 35, 36, 37, 6, 7, 8, 9, 10, 11, 12, 38]
2815	[]
2816	[]
2817	[]
2818	[]
2819	[]
2820	[11, 12, 18, 19, 20]
2821	[]
2822	[]
2823	[12, 13, 14, 15, 16, 17]
2824	[]
2825	[33, 34, 35, 36]
2826	[]
2827	[0, 1, 2, 4, 5, 6, 7, 8, 9, 10]
2828	[0, 1, 2, 3, 4, 6, 7, 8, 9, 10]
2829	[19, 20, 21, 22, 23, 25, 26, 27, 28, 29]
2830	[]
2831	[]
2832	[]
2833	[]
2834	[28, 29]
2835	[]
2836	[]
2837	[]
2838	[]
2839	[]
2840	[]
2841	[0, 1, 2, 3, 4, 5]
2842	[]
2843	[]
2844	[]
2845	[]
2846	[]
2847	[]
2848	[]
2849	[]
2850	[]
2851	[]
2852	[8, 7]
2853	[]
2854	[48, 47]
2855	[]
2856	[]
2857	[]
2858	[]
2859	[]
2860	[]
2861	[]
2862	[]
2863	[20, 21, 22, 23]
2864	[]
2865	[]
2866	[]
2867	[23, 55, 24, 25, 56, 59, 60, 57]
2868	[]
2869	[]
2870	[]
2871	[]
2872	[]
2873	[34, 35, 36, 12, 13, 14, 16, 17, 19, 20, 21, 22, 23]
2874	[]
2875	[]
2876	[]
2877	[]
2878	[]
2879	[]
2880	[]
2881	[]
2882	[]
2883	[]
2884	[]
2885	[]
2886	[]
2887	[]
2888	[0, 1, 2, 3]
2889	[]
2890	[]
2891	[]
2892	[]
2893	[]
2894	[]
2895	[32, 33, 34, 35, 36, 37, 30, 31]
2896	[]
2897	[32, 33, 26, 27, 28, 29, 30, 31]
2898	[1, 2, 3, 5, 6, 7, 8, 9, 10, 12, 13, 14, 15, 16]
2899	[]
2900	[72, 73, 71]
2901	[23, 24, 25, 26, 28, 29, 30, 31, 32, 56, 57, 58, 59, 73, 74, 75, 76, 77, 78]
2902	[]
2903	[0, 1, 2, 3, 5, 6, 7, 34, 35, 36, 37, 38, 39, 40, 41, 42, 44, 45, 46, 47, 48, 49]
2904	[]
2905	[]
2906	[]
2907	[]
2908	[]
2909	[]
2910	[]
2911	[]
2912	[0, 1, 2, 3, 4, 71, 72, 73, 74, 75]
2913	[]
2914	[]
2915	[]
2916	[]
2917	[]
2918	[]
2919	[]
2920	[]
2921	[]
2922	[]
2923	[16, 13, 14, 15]
2924	[]
2925	[]
2926	[]
2927	[]
2928	[]
2929	[34, 35, 36, 37]
2930	[]
2931	[]
2932	[]
2933	[16, 14, 15]
2934	[]
2935	[]
2936	[]
2937	[11, 12, 13]
2938	[]
2939	[]
2940	[]
2941	[]
2942	[]
2943	[]
2944	[]
2945	[]
2946	[]
2947	[]
2948	[]
2949	[]
2950	[]
2951	[]
2952	[]
2953	[]
2954	[]
2955	[]
2956	[18, 19, 20, 21, 22, 23]
2957	[]
2958	[64, 60, 61, 62, 63]
2959	[]
2960	[]
2961	[6, 7, 8, 9, 11, 12, 13, 14]
2962	[]
2963	[]
2964	[]
2965	[]
2966	[]
2967	[]
2968	[49, 50]
2969	[]
2970	[]
2971	[8, 9, 10]
2972	[27, 28, 29]
2973	[]
2974	[]
2975	[]
2976	[32, 64, 65, 62, 63, 51, 52, 53, 54, 55, 56, 57, 61, 59, 60, 29, 30, 31]
2977	[]
2978	[24, 25, 26, 27]
2979	[]
2980	[]
2981	[128, 129, 130, 60, 61, 62, 63, 64, 65, 66, 67, 115, 116, 117, 118, 119, 120, 121, 123, 124, 125, 126, 127]
2982	[]
2983	[]
2984	[40, 41, 42, 43, 44, 45, 46]
2985	[]
2986	[]
2987	[]
2988	[]
2989	[32, 33, 34, 35, 36]
2990	[10, 11, 12, 13, 14, 15, 16, 17, 18, 19, 20, 54, 55, 56, 57, 58, 59, 60, 61, 62, 63, 64, 65, 66]
2991	[]
2992	[]
2993	[]
2994	[3, 4, 5, 6, 7, 8, 9, 11, 12, 13]
2995	[]
2996	[]
2997	[64, 65, 60, 61, 62, 63]
2998	[]
2999	[]
3000	[58, 59, 60, 61, 62]
3001	[]
3002	[]
3003	[]
3004	[]
3005	[]
3006	[]
3007	[]
3008	[17, 18, 19, 20, 21]
3009	[71, 72, 73, 74, 75, 44, 45, 46, 47, 48, 49, 76, 77, 78]
3010	[]
3011	[]
3012	[3, 4, 5, 6, 40, 41, 42, 44, 20, 21, 23, 24, 25, 26, 27]
3013	[41, 42, 43]
3014	[]
3015	[]
3016	[6, 7, 8, 9, 10, 11]
3017	[5, 6, 7, 8, 40, 10, 11, 12, 14, 15, 17]
3018	[]
3019	[]
3020	[]
3021	[]
3022	[]
3023	[]
3024	[]
3025	[]
3026	[]
3027	[]
3028	[]
3029	[]
3030	[0, 2, 3, 4, 5]
3031	[]
3032	[]
3033	[]
3034	[]
3035	[]
3036	[]
3037	[]
3038	[32, 33, 13, 51, 52, 21, 22, 23, 24, 25, 26, 53, 28, 29, 30, 31]
3039	[]
3040	[]
3041	[]
3042	[]
3043	[0, 1, 2, 4, 5, 6]
3044	[]
3045	[]
3046	[]
3047	[]
3048	[]
3049	[]
3050	[]
3051	[64, 12, 13, 14, 15, 16, 17, 55, 56, 57, 58, 59, 61, 62, 63]
3052	[92, 93, 94]
3053	[16, 14, 15]
3054	[0, 1, 2, 3, 4, 5, 6, 7, 8, 9, 10, 11, 12, 34, 37, 38, 35, 36]
3055	[20, 21, 22, 23, 24]
3056	[]
3057	[]
3058	[]
3059	[]
3060	[]
3061	[0, 1, 2, 3, 4, 5]
3062	[]
3063	[]
3064	[192, 193, 110, 111, 112, 113, 114, 115]
3065	[]
3066	[]
3067	[]
3068	[32, 33, 34, 35, 36]
3069	[]
3070	[]
3071	[]
3072	[]
3073	[]
3074	[]
3075	[]
3076	[4, 5, 6, 7]
3077	[]
3078	[]
3079	[]
3080	[]
3081	[]
3082	[27, 28, 29]
3083	[]
3084	[]
3085	[32, 33, 34]
3086	[]
3087	[48, 49]
3088	[0, 1, 2, 3, 4, 5, 6, 7, 32]
3089	[]
3090	[48, 46, 47]
3091	[41, 10, 11, 12, 42, 43]
3092	[]
3093	[]
3094	[]
3095	[22, 23, 25, 26, 27, 28, 29]
3096	[]
3097	[64, 65, 66, 67, 63]
3098	[66, 67, 69, 70, 71, 72, 106, 107, 108, 109, 110, 111, 112]
3099	[]
3100	[]
3101	[]
3102	[]
3103	[46, 47, 48, 49, 50, 51, 52, 54]
3104	[]
3105	[]
3106	[]
3107	[]
3108	[]
3109	[]
3110	[]
3111	[]
3112	[]
3113	[]
3114	[0, 1, 2, 3]
3115	[]
3116	[]
3117	[]
3118	[]
3119	[8, 5, 6, 7]
3120	[]
3121	[27, 28, 29, 30, 31]
3122	[]
3123	[]
3124	[]
3125	[]
3126	[]
3127	[0, 1]
3128	[]
3129	[44, 45, 46, 47]
3130	[0, 1, 2]
3131	[]
3132	[]
3133	[]
3134	[]
3135	[]
3136	[]
3137	[]
3138	[]
3139	[]
3140	[45, 46, 47, 48, 49, 50, 51, 52, 53, 54]
3141	[]
3142	[]
3143	[8, 9, 10, 11]
3144	[]
3145	[]
3146	[]
3147	[]
3148	[]
3149	[24, 25, 26]
3150	[]
3151	[]
3152	[14, 15, 16, 17, 18, 19, 20, 21, 23, 25]
3153	[]
3154	[]
3155	[0, 1, 2, 3, 4, 6, 7, 8]
3156	[]
3157	[]
3158	[]
3159	[]
3160	[4, 5]
3161	[]
3162	[]
3163	[]
3164	[]
3165	[]
3166	[41, 42, 43, 44, 45, 46, 47, 48]
3167	[]
3168	[]
3169	[]
3170	[]
3171	[]
3172	[3, 4, 5, 6, 8, 9, 10]
3173	[]
3174	[]
3175	[49, 50, 51, 52, 53, 54, 55, 57, 58, 59, 60]
3176	[]
3177	[]
3178	[8, 5, 6, 7]
3179	[]
3180	[]
3181	[]
3182	[10, 43, 44, 45, 46, 15, 16, 17, 18, 47, 48]
3183	[]
3184	[]
3185	[0, 2, 3, 4, 5, 6, 34, 35, 36, 37, 38, 39, 40]
3186	[]
3187	[]
3188	[]
3189	[]
3190	[]
3191	[]
3192	[]
3193	[56, 55, 19, 20, 21, 22, 23, 24, 25, 26, 27, 52, 29, 53, 54]
3194	[41, 42, 43, 44, 45, 46, 48, 49, 50, 51, 53, 54, 55]
3195	[]
3196	[]
3197	[]
3198	[]
3199	[142, 143, 144, 145, 147, 148, 149, 150, 23, 24, 25, 26, 27, 151, 29, 30, 31, 152, 47, 48, 49, 50, 51, 53, 54, 69, 70, 72, 73, 74, 75, 77, 78, 79, 80, 81, 82, 83, 84]
3200	[]
3201	[25, 26, 27, 28]
3202	[]
3203	[]
3204	[]
3205	[]
3206	[15, 16, 17, 18, 20, 21, 23, 24, 25, 26, 28, 29, 30, 31]
3207	[]
3208	[]
3209	[]
3210	[0, 1, 2, 3, 25, 26, 27, 28]
3211	[]
3212	[]
3213	[]
3214	[]
3215	[]
3216	[]
3217	[]
3218	[92, 93, 94, 95]
3219	[]
3220	[]
3221	[]
3222	[]
3223	[]
3224	[]
3225	[]
3226	[]
3227	[]
3228	[]
3229	[]
3230	[]
3231	[]
3232	[]
3233	[12, 13, 14]
3234	[]
3235	[]
3236	[]
3237	[22, 23]
3238	[]
3239	[]
3240	[]
3241	[]
3242	[]
3243	[]
3244	[]
3245	[]
3246	[]
3247	[]
3248	[]
3249	[38, 39, 40, 41, 43, 44]
3250	[]
3251	[]
3252	[]
3253	[]
3254	[19, 20, 21, 22, 24, 25, 26, 27, 28, 29]
3255	[]
3256	[]
3257	[]
3258	[48, 49, 50]
3259	[]
3260	[]
3261	[32, 33, 34, 35, 37, 38, 39, 40]
3262	[]
3263	[]
3264	[]
3265	[]
3266	[]
3267	[12, 13, 15, 16, 17, 18, 20, 21]
3268	[]
3269	[13, 14]
3270	[]
3271	[]
3272	[]
3273	[]
3274	[0, 1, 2]
3275	[]
3276	[]
3277	[]
3278	[0, 1, 2, 36, 43]
3279	[3, 4, 5, 6, 7, 8, 9]
3280	[]
3281	[]
3282	[]
3283	[]
3284	[]
3285	[24, 25, 23]
3286	[]
3287	[32, 27, 28, 29, 30, 31]
3288	[]
3289	[4, 5, 6, 7, 8]
3290	[33, 34, 35, 51, 52, 53, 54, 55, 57, 58, 59, 60, 61]
3291	[]
3292	[]
3293	[]
3294	[]
3295	[40, 41, 42, 43]
3296	[]
3297	[]
3298	[]
3299	[]
3300	[]
3301	[]
3302	[]
3303	[32, 33, 34, 35]
3304	[]
3305	[]
3306	[]
3307	[17, 18, 19, 20, 21, 22, 23]
3308	[]
3309	[]
3310	[]
3311	[8, 9, 7]
3312	[]
3313	[]
3314	[]
3315	[18, 19, 20, 21, 22, 23, 24, 25]
3316	[0, 1, 2, 3, 4, 5]
3317	[]
3318	[]
3319	[]
3320	[]
3321	[]
3322	[]
3323	[20, 21, 22, 24, 25, 26, 27]
3324	[]
3325	[]
3326	[]
3327	[]
3328	[]
3329	[]
3330	[]
3331	[]
3332	[]
3333	[]
3334	[]
3335	[16, 17, 18, 19, 20, 21, 48, 49, 50, 51]
3336	[]
3337	[]
3338	[22, 23, 24, 25, 26, 27, 28, 29]
3339	[]
3340	[38, 39, 40, 41, 42, 43, 24, 25, 26, 27]
3341	[64, 62, 63]
3342	[]
3343	[69, 70, 71, 72, 73, 74, 75]
3344	[]
3345	[8, 9, 10, 11, 12, 13, 14]
3346	[0, 1, 2, 3, 4, 6, 7, 8, 9, 44, 45, 46, 47, 48, 49]
3347	[]
3348	[]
3349	[]
3350	[20, 21, 22, 35, 36, 38, 39, 40, 41, 42, 167, 77, 78, 79, 80, 81, 121, 122, 124, 125, 126]
3351	[]
3352	[]
3353	[6, 7, 8, 16, 17, 18]
3354	[]
3355	[]
3356	[]
3357	[]
3358	[]
3359	[]
3360	[]
3361	[]
3362	[]
3363	[]
3364	[18, 19, 20, 21, 22, 23]
3365	[]
3366	[]
3367	[]
3368	[]
3369	[]
3370	[12, 13, 14, 15, 16, 17, 18, 19, 20]
3371	[33, 34, 35, 36, 37, 38]
3372	[]
3373	[]
3374	[]
3375	[]
3376	[]
3377	[]
3378	[11, 12, 13, 14, 15, 16, 17]
3379	[]
3380	[]
3381	[]
3382	[]
3383	[]
3384	[]
3385	[]
3386	[]
3387	[]
3388	[]
3389	[]
3390	[66, 67, 36, 69, 70, 37, 39, 40]
3391	[16, 17, 18]
3392	[]
3393	[]
3394	[]
3395	[]
3396	[0, 1, 2, 3, 4, 5, 6, 8, 9, 10, 11, 12, 13, 15, 16, 17, 18, 19, 20, 21, 22]
3397	[]
3398	[32, 33, 34, 35, 36, 28, 29, 30, 31]
3399	[]
3400	[]
3401	[42, 43, 44, 45, 46, 47]
3402	[]
3403	[]
3404	[32, 33, 34, 36, 37, 25, 26, 27, 28, 29, 31]
3405	[]
3406	[12, 13, 14, 15, 16, 17, 18, 19, 21, 22, 23, 24, 25, 26]
3407	[8, 9, 10, 11, 12, 13, 15, 16, 17, 18, 19, 26, 27, 28, 33, 34, 37, 38, 39, 40, 41, 42]
3408	[]
3409	[]
3410	[]
3411	[175, 112, 113, 114, 115, 176, 177, 150, 151, 152, 153, 178, 179]
3412	[20, 21, 22, 23]
3413	[]
3414	[41, 42, 43, 44, 45, 46, 47, 48, 49, 50, 51, 52, 22, 23]
3415	[]
3416	[]
3417	[]
3418	[]
3419	[]
3420	[]
3421	[]
3422	[45, 46, 48, 49, 50, 51]
3423	[]
3424	[10, 11, 12, 13, 14]
3425	[]
3426	[18, 19, 20, 21]
3427	[4, 5, 6, 7, 8, 9, 10]
3428	[]
3429	[]
3430	[]
3431	[]
3432	[]
3433	[40, 41, 42, 43, 44, 45, 46]
3434	[]
3435	[16, 17, 18, 20, 21, 22, 23, 24, 25]
3436	[]
3437	[72, 73, 74, 75, 76, 77]
3438	[89]
3439	[]
3440	[]
3441	[32, 21, 30, 31]
3442	[]
3443	[37, 38, 39, 40, 25, 26, 27]
3444	[]
3445	[]
3446	[]
3447	[]
3448	[32, 7, 8, 9, 10, 11, 28, 29, 30, 31]
3449	[0, 129, 130, 131, 132, 1, 134, 135, 2, 3, 10, 11, 12, 13, 14, 15, 16, 8, 18, 19, 20, 21, 22, 23, 25, 5, 26, 27, 6, 7, 72, 73]
3450	[0, 1, 2, 3]
3451	[0, 1, 2, 3, 4, 5]
3452	[]
3453	[]
3454	[]
3455	[]
3456	[]
3457	[]
3458	[]
3459	[]
3460	[]
3461	[]
3462	[0, 1, 2, 3, 4, 5, 256, 257, 158, 159, 160, 161, 162, 163, 164, 165, 188, 189, 190, 73, 74, 75, 96, 97, 98, 99, 100, 101, 255]
3463	[]
3464	[]
3465	[]
3466	[]
3467	[]
3468	[]
3469	[]
3470	[]
3471	[]
3472	[]
3473	[]
3474	[]
3475	[]
3476	[11, 12, 13, 14]
3477	[]
3478	[]
3479	[]
3480	[]
3481	[14, 25, 26, 27, 28, 29, 30, 36, 37, 46, 47, 48, 49, 73, 74, 75, 76, 78, 79, 80, 81, 82]
3482	[]
3483	[]
3484	[]
3485	[]
3486	[0, 1, 2, 4, 5, 6, 115, 116, 117, 118, 119, 120, 60]
3487	[0, 1, 2]
3488	[4, 5, 6]
3489	[]
3490	[3, 4, 5, 7, 8, 9, 10, 11, 13, 14, 15, 16, 17, 18, 19, 20, 21]
3491	[]
3492	[]
3493	[24, 25, 26, 27, 28, 29, 30, 31]
3494	[]
3495	[]
3496	[]
3497	[]
3498	[]
3499	[75, 76, 77, 78, 79]
3500	[]
3501	[]
3502	[]
3503	[15, 16, 17, 18, 20, 21, 22, 23, 24, 25, 26, 27, 36, 37, 38, 39, 58, 59, 60, 61, 62]
3504	[]
3505	[0, 1, 2, 3, 4, 5, 32, 33, 7, 8, 9, 10]
3506	[6, 7, 8, 9, 10, 13, 14, 15]
3507	[]
3508	[42, 43, 44, 45, 46]
3509	[32, 33, 34, 35, 36, 6, 7, 8, 9, 21, 22, 23, 24, 31]
3510	[]
3511	[]
3512	[]
3513	[6, 7, 8, 9, 10, 11]
3514	[]
3515	[]
3516	[]
3517	[]
3518	[0, 1, 2, 3, 4, 5, 6, 7, 9, 10, 11, 12, 25, 26, 27, 29, 30, 31, 33, 40, 41, 42, 43, 44]
3519	[12, 13, 14, 15, 16, 17, 26, 27, 28, 29, 30, 31]
3520	[0, 1, 2]
3521	[]
3522	[]
3523	[32, 33, 34, 35, 36, 38, 39, 40, 25, 26, 27, 28, 29, 30, 31]
3524	[]
3525	[]
3526	[]
3527	[]
3528	[5, 6, 7, 8, 9, 10, 11]
3529	[0, 1, 2, 3, 4, 5, 6, 7]
3530	[]
3531	[0, 1, 2, 3, 4, 5, 6]
3532	[]
3533	[]
3534	[]
3535	[9, 10, 11, 12]
3536	[]
3537	[]
3538	[]
3539	[]
3540	[9, 10, 11, 12, 13, 21, 22, 23, 24, 25, 26, 27, 28]
3541	[]
3542	[0, 1, 2, 16, 17]
3543	[]
3544	[]
3545	[]
3546	[]
3547	[0, 1, 2, 3, 4, 5, 7, 9, 10, 11, 12]
3548	[64, 65, 66, 67, 17, 18, 19, 20, 21, 22]
3549	[]
3550	[]
3551	[0, 1]
3552	[]
3553	[]
3554	[]
3555	[]
3556	[]
3557	[24, 22, 23]
3558	[0, 1, 3, 4, 5, 6, 7]
3559	[]
3560	[0, 1, 2, 3, 42, 43, 44, 45, 46]
3561	[27, 28, 29, 30, 31]
3562	[]
3563	[40, 41, 42, 43, 44]
3564	[]
3565	[]
3566	[]
3567	[6, 7, 8, 9, 10, 11]
3568	[]
3569	[]
3570	[32, 33, 34, 35, 25, 26, 27, 28, 30, 31]
3571	[]
3572	[]
3573	[]
3574	[0, 1, 2, 3, 4, 5]
3575	[]
3576	[]
3577	[]
3578	[]
3579	[]
3580	[]
3581	[34, 35, 37, 38, 39]
3582	[]
3583	[]
3584	[]
3585	[32, 33, 34]
3586	[]
3587	[]
3588	[]
3589	[47, 48, 49, 50, 51, 52]
3590	[]
3591	[0, 1, 2, 58, 59, 60]
3592	[]
3593	[]
3594	[]
3595	[]
3596	[0, 1, 2, 3, 4, 5, 6, 7, 9, 10, 11, 17, 18, 19, 21, 22, 23, 24]
3597	[52, 53, 54, 55, 56, 57]
3598	[]
3599	[]
3600	[]
3601	[]
3602	[]
3603	[]
3604	[]
3605	[]
3606	[0, 1, 2, 3, 4, 5, 6, 7, 8, 33, 34, 35]
3607	[]
3608	[]
3609	[]
3610	[]
3611	[18, 19, 20, 21, 22, 23, 25, 26, 27, 28, 29]
3612	[]
3613	[]
3614	[]
3615	[]
3616	[]
3617	[]
3618	[0, 1, 2, 3, 4, 5]
3619	[]
3620	[]
3621	[]
3622	[0, 1, 2]
3623	[]
3624	[]
3625	[]
3626	[]
3627	[]
3628	[]
3629	[]
3630	[65, 66, 67]
3631	[]
3632	[]
3633	[]
3634	[]
3635	[]
3636	[32, 33, 80, 81, 82, 83, 84, 85, 25, 26, 27, 28, 29, 30, 31]
3637	[]
3638	[]
3639	[]
3640	[]
3641	[6, 7, 8, 9, 10, 11]
3642	[]
3643	[58, 59, 60, 61, 62, 63]
3644	[]
3645	[]
3646	[25, 26, 27, 28, 29, 30, 31]
3647	[]
3648	[]
3649	[]
3650	[]
3651	[]
3652	[]
3653	[]
3654	[]
3655	[]
3656	[]
3657	[]
3658	[]
3659	[]
3660	[24, 21, 22, 23]
3661	[]
3662	[]
3663	[]
3664	[42, 43]
3665	[]
3666	[]
3667	[]
3668	[13, 14, 15]
3669	[]
3670	[]
3671	[]
3672	[72, 73, 74, 71]
3673	[]
3674	[]
3675	[]
3676	[]
3677	[]
3678	[]
3679	[]
3680	[]
3681	[]
3682	[]
3683	[58, 59, 60]
3684	[68, 69, 70, 71]
3685	[]
3686	[]
3687	[]
3688	[]
3689	[]
3690	[]
3691	[]
3692	[]
3693	[]
3694	[]
3695	[]
3696	[0, 1, 3, 4, 5, 6, 8, 9, 10, 12, 13, 14, 15, 16, 17, 18, 29, 30, 31, 32]
3697	[]
3698	[]
3699	[]
3700	[]
3701	[17, 18, 19, 20, 21, 22]
3702	[]
3703	[33, 34, 35, 36, 37, 38, 79, 80, 81]
3704	[]
3705	[]
3706	[]
3707	[6, 7, 8, 9, 10, 11]
3708	[96, 97, 90, 91, 92, 93, 94, 95]
3709	[]
3710	[]
3711	[]
3712	[]
3713	[]
3714	[53, 54, 55]
3715	[20, 21, 22, 23, 24, 26]
3716	[]
3717	[8, 9, 10, 11, 13, 14, 15, 16, 17, 47, 48, 49]
3718	[]
3719	[]
3720	[28, 29, 30, 31]
3721	[32, 33, 34, 35, 64, 65, 66, 67, 68, 16, 17, 18, 19, 63, 29, 30, 31]
3722	[32, 33, 34, 35, 31]
3723	[]
3724	[]
3725	[]
3726	[]
3727	[]
3728	[]
3729	[]
3730	[]
3731	[]
3732	[]
3733	[0, 1, 2, 3, 4]
3734	[]
3735	[36, 37, 38, 39]
3736	[]
3737	[]
3738	[]
3739	[]
3740	[]
3741	[]
3742	[]
3743	[]
3744	[]
3745	[18, 19, 20, 21]
3746	[]
3747	[]
3748	[]
3749	[9, 10, 11]
3750	[0, 1, 2, 3, 4, 44, 45, 46, 47, 48, 49, 50, 51, 69, 70, 71, 72, 73, 74, 80, 81, 82, 83, 102, 103, 104, 105, 106, 118, 119, 120, 121, 122, 123, 124, 126, 127, 128, 129, 131, 132, 133, 134, 135, 141, 142, 143, 144, 145, 146, 147, 156, 157, 158, 159, 165, 166, 167, 168, 169, 170, 171, 177, 178, 179, 180, 188, 189, 190, 191, 192, 212, 213, 214, 215, 224, 225, 226, 227, 228, 229]
3751	[]
3752	[]
3753	[0, 1, 2, 3, 4, 5, 6, 7, 32, 26, 27, 28, 29, 30, 31]
3754	[]
3755	[]
3756	[]
3757	[64, 65, 66, 67, 10, 11, 12, 13, 14, 15, 114, 115, 116, 117, 62, 63]
3758	[250]
3759	[]
3760	[36, 37, 38, 39, 53, 54, 55, 56, 57, 58]
3761	[19, 20, 21, 22, 23]
3762	[]
3763	[]
3764	[0, 1, 2, 3, 137, 138, 139, 140, 141, 36, 37, 38, 39, 40, 41, 42, 45, 46, 47, 54, 55, 61, 62, 63, 64, 65, 78, 79, 80, 86, 87, 88, 89, 91, 92, 94, 95, 101, 102, 103, 104, 105, 106, 108, 109, 116, 117, 118, 119, 120]
3765	[0, 1, 2, 3]
3766	[]
3767	[16, 17, 15]
3768	[]
3769	[]
3770	[]
3771	[]
3772	[]
3773	[66, 67, 68, 69, 70, 71, 8, 9, 10, 72]
3774	[]
3775	[]
3776	[46, 47, 48, 49, 50, 51, 52, 54, 55, 56, 57, 58]
3777	[]
3778	[]
3779	[]
3780	[0, 1, 2, 3, 4, 5, 7, 8, 9, 10, 17, 18, 19, 20, 21, 22, 24, 25, 26, 27, 29, 30, 31, 32, 33, 34]
3781	[33, 34, 35, 36, 37, 38]
3782	[0, 1, 2, 3, 4, 5, 6]
3783	[36, 37, 38, 39, 40, 9, 10, 11, 12, 13, 14, 15, 41, 43, 44, 45, 46]
3784	[]
3785	[]
3786	[0, 1, 2, 4, 5, 6, 7]
3787	[]
3788	[56, 58, 53, 54, 23, 24, 25, 26, 55, 57]
3789	[]
3790	[]
3791	[]
3792	[]
3793	[]
3794	[]
3795	[]
3796	[16, 13, 14, 15]
3797	[]
3798	[]
3799	[]
3800	[]
3801	[]
3802	[0, 1, 2, 4, 5, 6]
3803	[]
3804	[0, 1, 2, 3, 4, 5, 6]
3805	[]
3806	[]
3807	[16, 13, 14, 15]
3808	[66, 67, 68, 69, 70, 71, 72, 21, 22, 23, 24, 25, 26, 27]
3809	[]
3810	[12, 13, 14, 15]
3811	[]
3812	[0, 1, 2, 3, 4, 5, 6, 7, 8, 32, 33, 30, 31]
3813	[]
3814	[]
3815	[]
3816	[]
3817	[]
3818	[]
3819	[]
3820	[]
3821	[]
3822	[]
3823	[]
3824	[]
3825	[]
3826	[]
3827	[]
3828	[]
3829	[]
3830	[]
3831	[]
3832	[]
3833	[64, 65, 66, 67, 68, 69, 39, 40, 41, 42, 43, 44, 45, 62, 63]
3834	[]
3835	[]
3836	[]
3837	[]
3838	[]
3839	[128, 121, 122, 123, 124, 125, 126, 127]
3840	[41, 42, 43, 44, 45, 46, 47, 48]
3841	[0, 1]
3842	[2]
3843	[]
3844	[43, 44, 45, 46, 47]
3845	[]
3846	[]
3847	[64, 65, 66, 61, 62, 63]
3848	[]
3849	[]
3850	[32, 31]
3851	[32, 33, 34]
3852	[]
3853	[32, 33, 31]
3854	[35, 36, 37]
3855	[]
3856	[]
3857	[]
3858	[]
3859	[]
3860	[]
3861	[24, 25, 26, 23]
3862	[0, 1, 2, 3, 4, 5, 32, 7, 8, 9, 10, 33, 12, 13, 34, 35, 36, 31]
3863	[]
3864	[0, 1]
3865	[]
3866	[]
3867	[]
3868	[43, 44]
3869	[]
3870	[64, 65, 66, 67, 68, 69]
3871	[]
3872	[68, 69, 70, 71, 72, 9, 10, 11, 12, 13, 14, 73, 75, 76, 77, 78, 79, 80]
3873	[]
3874	[33, 34, 35, 36, 37]
3875	[11, 12, 13, 14, 16, 17, 18, 19, 20, 21]
3876	[]
3877	[]
3878	[]
3879	[]
3880	[]
3881	[]
3882	[]
3883	[]
3884	[]
3885	[25, 22, 23]
3886	[]
3887	[]
3888	[10, 11, 12, 13, 14, 16, 17, 18, 19]
3889	[]
3890	[]
3891	[57, 58, 59, 60, 61, 62, 63]
3892	[]
3893	[]
3894	[]
3895	[]
3896	[]
3897	[]
3898	[]
3899	[]
3900	[40, 41, 42, 18, 19, 20, 21, 22, 23, 24, 27, 28, 29, 30, 31]
3901	[10, 11, 12]
3902	[]
3903	[]
3904	[]
3905	[]
3906	[]
3907	[]
3908	[]
3909	[]
3910	[]
3911	[]
3912	[32, 33, 23, 24, 25, 26, 27, 28, 29, 30, 31]
3913	[]
3914	[]
3915	[]
3916	[10, 11, 12, 13, 14]
3917	[52, 53, 54]
3918	[]
3919	[]
3920	[]
3921	[]
3922	[128, 129, 24, 25, 26, 27, 29, 30, 75, 76, 77, 94, 95, 120, 121, 122, 123, 124, 125, 126, 127]
3923	[]
3924	[]
3925	[]
3926	[]
3927	[64, 65, 66, 7, 8, 9, 10, 11, 63]
3928	[64, 45, 46, 47, 48, 49, 50, 52, 53, 54, 55, 56, 59, 60, 61, 62, 63]
3929	[]
3930	[]
3931	[]
3932	[]
3933	[]
3934	[]
3935	[]
3936	[]
3937	[]
3938	[]
3939	[]
3940	[]
3941	[]
3942	[]
3943	[32, 33, 34, 36, 37, 38, 39, 75, 76, 77, 78, 47, 48, 49, 50, 51, 79]
3944	[]
3945	[27, 28, 29, 30, 31, 32, 34, 35, 36, 37, 38, 39, 52, 53, 54, 55, 56, 57, 59, 60, 61, 62, 63]
3946	[8, 9, 10, 7]
3947	[]
3948	[0, 1, 2, 3]
3949	[0, 17, 18, 19, 20, 21]
3950	[]
3951	[]
3952	[14, 15, 16, 17, 18]
3953	[]
3954	[33, 34, 35, 36, 37, 38, 39, 65, 66, 67, 68, 69, 70]
3955	[]
3956	[57, 58, 59, 60, 61]
3957	[]
3958	[]
3959	[]
3960	[]
3961	[0, 1, 2, 35, 36, 37, 6, 7, 8, 9, 10, 11, 38, 4, 3]
3962	[]
3963	[]
3964	[]
3965	[]
3966	[16, 17, 18, 19, 20, 21, 22, 23, 24]
3967	[]
3968	[22, 23, 24, 25, 26]
3969	[]
3970	[]
3971	[]
3972	[]
3973	[37, 6, 7, 8, 9, 10, 38, 39]
3974	[98, 99, 100, 101]
3975	[10, 11, 12, 13]
3976	[]
3977	[40, 41, 42]
3978	[0, 1, 2, 3]
3979	[32, 33, 34, 35, 23, 30, 31]
3980	[]
3981	[]
3982	[11, 12, 13]
3983	[23, 24, 25, 26, 27, 29, 30, 31, 32, 33, 34, 36, 37, 38, 39, 41, 42, 43, 44, 45, 46]
3984	[11, 12, 13, 14, 15, 16]
3985	[]
3986	[]
3987	[]
3988	[10, 11, 12, 13]
3989	[8, 9, 10, 11, 12, 13, 14]
3990	[]
3991	[]
3992	[]
3993	[]
3994	[10, 11, 12, 13]
3995	[]
3996	[6, 7, 8, 9, 18, 19, 20, 21]
3997	[]
3998	[]
3999	[]
4000	[8, 9, 6, 7]
4001	[8, 9, 10, 11, 12, 13, 14, 22, 23, 25, 26, 27]
4002	[]
4003	[]
4004	[]
4005	[]
4006	[]
4007	[]
4008	[45, 46, 47, 48, 49, 50, 51, 52, 53, 54, 88, 89, 90, 91]
4009	[0]
4010	[]
4011	[]
4012	[]
4013	[]
4014	[]
4015	[]
4016	[160, 161, 159]
4017	[]
4018	[]
4019	[]
4020	[18, 19]
4021	[]
4022	[]
4023	[]
4024	[]
4025	[]
4026	[]
4027	[]
4028	[]
4029	[]
4030	[50, 51, 52, 53, 54]
4031	[]
4032	[]
4033	[]
4034	[44, 45, 46]
4035	[]
4036	[]
4037	[0, 1]
4038	[]
4039	[13, 14, 23, 24, 25, 26, 28, 29, 30]
4040	[28, 29, 30, 32, 33, 34, 35, 36, 37, 52, 53, 54, 55, 56, 57, 58, 60, 61, 62, 63]
4041	[]
4042	[]
4043	[]
4044	[]
4045	[]
4046	[32, 33, 34, 36, 37, 38, 39, 40, 41, 42, 43, 44, 27, 28, 29, 30, 31]
4047	[32, 42, 43, 44, 45, 46, 47, 48, 23, 24, 25, 26, 27, 28, 29, 30, 31]
4048	[0, 2, 3, 4, 5, 6, 7]
4049	[]
4050	[36, 37, 38, 39, 40, 41, 18, 19, 20, 21]
4051	[]
4052	[]
4053	[]
4054	[]
4055	[24, 25, 26, 27, 28, 29, 30, 31]
4056	[]
4057	[]
4058	[]
4059	[]
4060	[]
4061	[]
4062	[]
4063	[]
4064	[]
4065	[]
4066	[3, 4, 5, 6]
4067	[]
4068	[]
4069	[34, 35, 36, 37, 38]
4070	[]
4071	[0, 1, 2, 3, 4, 5]
4072	[]
4073	[]
4074	[68, 69, 70, 71]
4075	[]
4076	[]
4077	[]
4078	[]
4079	[]
4080	[]
4081	[]
4082	[]
4083	[]
4084	[]
4085	[]
4086	[]
4087	[]
4088	[]
4089	[]
4090	[42, 43, 44, 45, 46, 47, 16, 17, 18, 19, 20, 21]
4091	[]
4092	[]
4093	[]
4094	[]
4095	[33, 34, 35, 36, 37, 46, 47, 16, 17, 18, 19, 20, 21, 48, 49, 50]
4096	[3, 4, 6, 7, 8]
4097	[4, 5, 6, 7, 8, 9, 10, 11]
4098	[]
4099	[]
4100	[]
4101	[]
4102	[34, 35, 36, 37, 38, 39, 40]
4103	[]
4104	[]
4105	[]
4106	[]
4107	[17, 18, 19, 20]
4108	[46, 47, 16, 17, 15, 48, 49, 50, 52, 53, 54]
4109	[]
4110	[]
4111	[]
4112	[]
4113	[]
4114	[]
4115	[]
4116	[]
4117	[21, 22]
4118	[]
4119	[]
4120	[]
4121	[]
4122	[32, 33, 34]
4123	[]
4124	[]
4125	[0, 1, 2, 3, 4, 5, 64, 65, 66, 29, 63]
4126	[]
4127	[]
4128	[]
4129	[]
4130	[64, 166, 139, 111, 112, 113, 114, 115, 117, 118, 119, 120, 53]
4131	[0, 1, 2, 3, 5, 6, 7]
4132	[]
4133	[4, 5]
4134	[]
4135	[30, 31, 32, 46, 47, 48, 49, 50, 51, 52, 53, 54, 60, 61, 62, 72, 73, 74, 75, 76, 77]
4136	[]
4137	[]
4138	[]
4139	[]
4140	[]
4141	[]
4142	[]
4143	[9, 10, 11, 12]
4144	[]
4145	[]
4146	[]
4147	[]
4148	[0, 13, 14, 15, 16]
4149	[]
4150	[17, 18, 19, 20]
4151	[]
4152	[32, 33, 34, 39, 40, 41, 42, 43, 44, 22, 23, 24, 25, 26, 27, 28, 29, 31]
4153	[0, 1, 2, 3, 4, 5, 6, 7, 8, 9, 11, 12, 13, 14, 15, 16, 17]
4154	[]
4155	[]
4156	[]
4157	[]
4158	[]
4159	[50, 51, 52, 53, 54, 24, 25, 26, 27, 28]
4160	[18, 19, 20, 21]
4161	[]
4162	[]
4163	[36, 37, 38, 39, 40]
4164	[]
4165	[]
4166	[16, 17, 14, 15]
4167	[]
4168	[]
4169	[]
4170	[8, 9, 10]
4171	[0, 1, 2, 32, 33, 34, 55, 56, 57, 58, 59, 60, 61, 62]
4172	[19, 20, 21, 22, 24, 25, 26, 27]
4173	[]
4174	[]
4175	[10, 11, 12]
4176	[96, 97, 46, 47, 94, 95]
4177	[96, 97, 98, 68, 69, 95]
4178	[]
4179	[]
4180	[]
4181	[]
4182	[]
4183	[]
4184	[40, 41, 42, 43, 44, 27, 28, 29, 30, 31]
4185	[8, 5, 6, 7]
4186	[]
4187	[]
4188	[0, 1, 2, 3, 4, 5]
4189	[51, 19, 52, 53, 54, 55]
4190	[16]
4191	[34, 35, 36, 37, 38]
4192	[]
4193	[]
4194	[3, 4]
4195	[0]
4196	[]
4197	[]
4198	[]
4199	[]
4200	[32, 33, 34]
4201	[]
4202	[]
4203	[]
4204	[]
4205	[]
4206	[]
4207	[8, 7]
4208	[141, 142, 143, 144, 145, 146, 124, 125, 126, 127]
4209	[]
4210	[]
4211	[]
4212	[]
4213	[]
4214	[]
4215	[17, 18, 19, 20, 21]
4216	[]
4217	[4, 5, 6, 7, 9, 10, 11, 18, 19, 20, 21, 22, 24, 25, 26, 27, 28, 29, 41, 42, 43, 44, 45, 46, 47]
4218	[]
4219	[]
4220	[]
4221	[64, 65, 66, 42, 43, 44, 45, 46, 19, 20, 21, 22, 23, 53, 54, 55, 62, 63]
4222	[]
4223	[]
4224	[]
4225	[]
4226	[20, 21, 22]
4227	[]
4228	[5, 6, 7, 8, 60, 61, 62, 63]
4229	[8, 9, 6, 7]
4230	[0, 1, 2, 3, 65, 66, 67, 68, 69, 71, 10, 11, 12, 13, 72, 73]
4231	[]
4232	[]
4233	[]
4234	[42, 43, 44, 45, 54, 55, 56, 57, 58, 59]
4235	[50, 51, 52, 53, 54, 55, 56, 57, 58, 59]
4236	[35, 36, 37, 38]
4237	[]
4238	[]
4239	[]
4240	[]
4241	[]
4242	[]
4243	[]
4244	[]
4245	[]
4246	[]
4247	[]
4248	[]
4249	[]
4250	[20, 21, 22, 23, 24]
4251	[]
4252	[17, 18, 19, 21, 22, 23, 24]
4253	[]
4254	[]
4255	[]
4256	[]
4257	[]
4258	[]
4259	[]
4260	[0, 1, 2, 3, 4, 5, 6, 8, 9, 10]
4261	[]
4262	[]
4263	[0, 1]
4264	[]
4265	[]
4266	[]
4267	[]
4268	[]
4269	[]
4270	[]
4271	[]
4272	[]
4273	[4]
4274	[32, 33, 34, 41, 42, 43, 44, 26, 27, 28, 30, 31]
4275	[]
4276	[]
4277	[]
4278	[]
4279	[]
4280	[]
4281	[]
4282	[]
4283	[]
4284	[]
4285	[]
4286	[0, 1, 2, 3]
4287	[0, 1, 2, 3, 4]
4288	[]
4289	[]
4290	[]
4291	[0, 1, 2, 3, 4]
4292	[]
4293	[3, 4, 5, 6, 7, 8, 20, 21, 22, 23, 25, 26, 27, 28, 29]
4294	[]
4295	[]
4296	[]
4297	[]
4298	[49, 50, 51, 52, 53, 54]
4299	[7, 8, 9, 10, 11, 12, 13, 14, 15, 16, 17, 18, 19]
4300	[8, 9, 10, 11, 12]
4301	[]
4302	[]
4303	[]
4304	[]
4305	[]
4306	[36, 37, 38, 39]
4307	[0, 1, 2, 3, 4, 5, 6, 19, 20, 21, 22, 23]
4308	[]
4309	[]
4310	[]
4311	[4, 5, 6, 7]
4312	[]
4313	[]
4314	[]
4315	[10, 11, 12, 23, 24, 25, 26, 27, 28, 29, 31, 32, 33, 34, 35, 37, 38, 39, 40, 42, 43, 44, 45, 56, 57, 58, 59, 60, 62, 63, 64, 65, 66, 67, 68]
4316	[]
4317	[]
4318	[]
4319	[32, 33, 34, 35, 30, 31]
4320	[]
4321	[5, 6, 7, 8, 9, 10, 11, 12, 13, 20, 21, 22, 23, 24, 37, 38, 39, 40, 72, 73, 74, 75, 76, 77, 82, 83, 84, 85, 87, 88, 89, 90, 91, 92, 93]
4322	[]
4323	[]
4324	[]
4325	[]
4326	[]
4327	[]
4328	[]
4329	[]
4330	[]
4331	[]
4332	[]
4333	[]
4334	[]
4335	[]
4336	[49, 50]
4337	[]
4338	[]
4339	[17, 18, 59, 60, 61, 62, 63]
4340	[]
4341	[0, 1, 2]
4342	[89, 91, 20, 21, 22, 23, 24, 25, 90, 88, 92, 93]
4343	[]
4344	[]
4345	[]
4346	[]
4347	[]
4348	[0, 1, 65, 66, 67, 68, 6, 7, 69, 70, 8, 9, 10, 58, 28]
4349	[]
4350	[]
4351	[]
4352	[]
4353	[]
4354	[0, 1]
4355	[3, 4, 5, 6, 17, 18, 19, 21, 22, 23, 24, 58, 59, 60, 61]
4356	[]
4357	[]
4358	[48, 49, 50, 51]
4359	[]
4360	[]
4361	[]
4362	[]
4363	[0, 1]
4364	[]
4365	[]
4366	[]
4367	[]
4368	[88, 89]
4369	[]
4370	[]
4371	[]
4372	[]
4373	[]
4374	[0, 1, 2, 3, 4, 5]
4375	[]
4376	[]
4377	[]
4378	[]
4379	[16, 17, 15]
4380	[]
4381	[]
4382	[]
4383	[32, 33, 34, 35, 36, 37, 28, 29, 30, 31]
4384	[64, 23, 24, 25, 26, 27, 62, 63]
4385	[]
4386	[]
4387	[20, 21, 22, 23, 24]
4388	[20, 21, 22, 23, 24, 25]
4389	[]
4390	[24, 25, 26, 23]
4391	[0, 1, 2, 3, 4, 5, 6, 7]
4392	[]
4393	[]
4394	[21, 22, 23, 24, 25, 26]
4395	[]
4396	[32, 33, 34, 36, 37, 38, 39, 22, 23, 24, 25, 27, 28, 29, 30, 31]
4397	[]
4398	[]
4399	[]
4400	[]
4401	[]
4402	[]
4403	[]
4404	[]
4405	[]
4406	[]
4407	[65, 66, 67]
4408	[]
4409	[32, 33, 34, 81, 82, 61, 83, 84, 56, 57, 58, 59, 60, 29, 30, 31]
4410	[]
4411	[]
4412	[0, 76, 77, 78, 79, 16, 17, 18, 19, 20, 80]
4413	[]
4414	[17, 18, 19, 20, 21, 22]
4415	[]
4416	[]
4417	[]
4418	[7, 8, 9, 10, 11, 22, 23, 24, 25, 26, 27, 28, 29, 30, 32, 33, 34, 35, 36, 45, 46, 47, 48, 50, 51, 52, 53, 54]
4419	[]
4420	[0, 1, 2, 3, 4, 5, 6, 15, 16, 17, 18, 20, 21]
4421	[]
4422	[]
4423	[]
4424	[]
4425	[]
4426	[]
4427	[]
4428	[26, 27, 28, 29, 30, 31]
4429	[0, 1, 2, 3, 4, 40, 41, 42, 51, 52, 53, 54, 55, 56]
4430	[]
4431	[]
4432	[]
4433	[12, 13, 14, 15, 16]
4434	[2]
4435	[]
4436	[65, 66, 67, 111, 112, 113, 114, 115, 95]
4437	[]
4438	[]
4439	[]
4440	[]
4441	[]
4442	[]
4443	[]
4444	[48, 49, 50]
4445	[0, 1, 2, 3, 4, 5, 45, 46, 47, 48, 50, 51, 52, 22, 23, 24, 25]
4446	[]
4447	[]
4448	[]
4449	[11, 12, 13]
4450	[]
4451	[52, 53, 54, 55]
4452	[38, 37, 6, 7, 8, 9, 10, 11, 12, 13, 14, 15, 16, 39]
4453	[]
4454	[]
4455	[0, 1, 2, 3, 4, 5, 37, 38, 39, 40, 41, 12, 13, 14]
4456	[64, 66, 67, 68, 69, 70, 71, 72, 73, 58, 59, 60, 61, 62, 63]
4457	[8, 9, 7]
4458	[33, 34, 35, 36, 38, 39, 40, 41, 42, 43]
4459	[]
4460	[48, 49, 50, 51, 52, 53, 54]
4461	[7, 8, 9, 10, 11, 12, 41, 42, 43, 44, 45, 46]
4462	[]
4463	[]
4464	[21, 22, 23, 24, 25, 26, 27, 28, 40, 41, 42, 43, 44, 45, 46, 47, 48, 59, 60, 61, 62, 63, 64, 65, 66]
4465	[]
4466	[]
4467	[]
4468	[]
4469	[]
4470	[]
4471	[10, 11, 12, 13, 14, 15, 16, 20, 21, 22, 23, 24, 25]
4472	[]
4473	[16, 15]
4474	[48, 46, 47]
4475	[70, 71, 72, 73, 26, 27, 28, 29]
4476	[]
4477	[]
4478	[]
4479	[]
4480	[]
4481	[]
4482	[]
4483	[]
4484	[]
4485	[]
4486	[]
4487	[]
4488	[8, 9, 10, 7]
4489	[0, 1, 2, 3, 4, 34, 35, 36, 37, 38, 50, 51, 52, 53, 54, 55, 56, 58, 59, 60, 61, 62, 63, 66, 67, 68, 69, 70, 71, 73, 74, 75, 76, 77, 78]
4490	[32, 28, 29, 31]
4491	[]
4492	[]
4493	[]
4494	[]
4495	[33, 34, 35, 36, 37, 29, 30, 31]
4496	[]
4497	[]
4498	[]
4499	[0, 1, 2, 3, 4, 46, 47, 48, 24, 25, 26, 27, 28, 29]
4500	[]
4501	[]
4502	[]
4503	[]
4504	[]
4505	[]
4506	[4, 5, 6, 7, 8]
4507	[]
4508	[32, 33, 34, 15, 16, 17, 18, 19, 20, 22, 23, 24, 26, 27, 28, 30, 31]
4509	[]
4510	[]
4511	[32, 33, 34, 35, 51, 52, 53, 54, 55, 56, 29, 30, 31]
4512	[]
4513	[]
4514	[]
4515	[24, 25, 26, 27]
4516	[]
4517	[]
4518	[]
4519	[]
4520	[]
4521	[]
4522	[]
4523	[56, 53, 54, 23, 24, 25, 55]
4524	[]
4525	[]
4526	[]
4527	[32, 33, 34, 35]
4528	[]
4529	[]
4530	[]
4531	[]
4532	[]
4533	[18, 19]
4534	[]
4535	[]
4536	[]
4537	[]
4538	[32, 33, 34, 35, 4, 5, 6, 7, 8, 36, 30, 31]
4539	[17, 18, 19, 20, 21, 22, 23]
4540	[]
4541	[19, 20, 21, 22, 23, 24]
4542	[24, 22, 23]
4543	[27, 28, 29, 30]
4544	[64, 65, 66, 67, 68, 69, 70, 71, 72]
4545	[]
4546	[]
4547	[]
4548	[]
4549	[18, 19, 20, 21, 22, 23, 24, 25, 26, 27, 28, 49, 50, 51, 52, 53, 54, 56, 57, 58, 59, 60, 62, 63, 64, 65, 66, 67]
4550	[]
4551	[]
4552	[]
4553	[]
4554	[]
4555	[]
4556	[]
4557	[]
4558	[]
4559	[]
4560	[]
4561	[17, 18, 19, 20, 21, 22, 23]
4562	[]
4563	[26, 27, 28]
4564	[]
4565	[]
4566	[]
4567	[]
4568	[6, 7, 8, 9, 10, 11, 12, 13, 74, 75, 76, 19, 20, 21, 22, 23, 24]
4569	[]
4570	[11, 12, 13, 14, 15, 16, 18, 19, 20, 21, 22, 23, 24, 55, 56, 57, 58, 59, 60]
4571	[]
4572	[]
4573	[64, 61, 62, 63]
4574	[]
4575	[68, 69, 70, 71, 72, 73, 74, 75]
4576	[]
4577	[6, 7, 8, 9, 10, 12, 13, 14, 15, 17, 18, 19, 20, 21, 22, 24, 25, 26, 27]
4578	[29, 30, 31]
4579	[]
4580	[]
4581	[24, 25, 22, 23]
4582	[]
4583	[]
4584	[]
4585	[]
4586	[]
4587	[]
4588	[]
4589	[17, 18, 19, 20, 21, 23, 24]
4590	[]
4591	[]
4592	[]
4593	[3, 4, 5, 6]
4594	[]
4595	[0, 1, 2, 3, 4, 5, 6, 7]
4596	[]
4597	[]
4598	[]
4599	[]
4600	[7, 8, 9, 10, 22, 23, 24]
4601	[]
4602	[16, 13, 14, 15]
4603	[]
4604	[64, 65, 66, 67, 51, 52, 53, 54]
4605	[64, 65, 66, 61, 62, 63]
4606	[]
4607	[]
4608	[]
4609	[]
4610	[44, 45, 46, 47, 16, 17, 18, 19]
4611	[]
4612	[18, 19, 20, 21, 22, 24, 25]
4613	[]
4614	[0]
4615	[]
4616	[0, 1, 2, 3, 17, 18, 19, 20, 21, 22]
4617	[]
4618	[]
4619	[]
4620	[]
4621	[]
4622	[]
4623	[]
4624	[24, 25, 22, 23]
4625	[32, 33, 34, 36, 37, 38, 39, 29, 30, 31]
4626	[]
4627	[32, 58, 59, 60, 29, 30, 31]
4628	[]
4629	[]
4630	[]
4631	[]
4632	[]
4633	[]
4634	[]
4635	[]
4636	[]
4637	[]
4638	[48, 49, 50, 51, 52, 53, 54, 20, 57, 58]
4639	[]
4640	[76, 77, 78, 79, 80, 81, 82, 83]
4641	[]
4642	[]
4643	[]
4644	[]
4645	[6, 7, 8, 9, 10, 11, 12, 13, 14]
4646	[]
4647	[0, 1, 2]
4648	[]
4649	[]
4650	[]
4651	[]
4652	[32, 33, 41, 42, 43, 44, 51, 52, 53, 54, 30, 31]
4653	[]
4654	[]
4655	[]
4656	[]
4657	[]
4658	[39, 40, 41, 42, 43, 16, 17, 18, 19, 20, 22, 23]
4659	[]
4660	[]
4661	[5, 6, 7, 8, 9, 10]
4662	[]
4663	[]
4664	[]
4665	[]
4666	[]
4667	[]
4668	[10, 11, 12, 13, 14, 15, 16, 17, 18, 19]
4669	[]
4670	[0, 1, 2, 3, 4, 7, 8, 9, 10, 11, 14, 15, 16, 17, 18, 37, 38, 39, 40, 41, 42, 43, 44]
4671	[]
4672	[]
4673	[]
4674	[3, 4, 5, 6, 7, 8, 41, 42, 43, 44, 45, 47, 48, 49, 50, 51, 52, 53]
4675	[]
4676	[]
4677	[]
4678	[13, 14, 15, 16, 17]
4679	[]
4680	[0, 1]
4681	[]
4682	[]
4683	[13, 14, 15]
4684	[]
4685	[]
4686	[]
4687	[]
4688	[]
4689	[32, 31]
4690	[]
4691	[]
4692	[]
4693	[]
4694	[]
4695	[]
4696	[]
4697	[]
4698	[]
4699	[0, 2, 3, 4, 5, 6]
4700	[]
4701	[]
4702	[17, 18]
4703	[]
4704	[117, 118, 119, 120, 121]
4705	[16, 17, 18, 19, 20, 21, 23, 24, 25, 26, 27]
4706	[]
4707	[16, 13, 14, 15]
4708	[]
4709	[]
4710	[]
4711	[]
4712	[]
4713	[]
4714	[]
4715	[]
4716	[]
4717	[32, 35, 36, 30, 31]
4718	[56, 57, 90, 55]
4719	[]
4720	[28, 29, 30, 31]
4721	[]
4722	[]
4723	[5, 6, 7, 8, 9, 11, 12]
4724	[]
4725	[]
4726	[]
4727	[]
4728	[]
4729	[12, 13, 14, 15, 16, 21, 22, 23, 24, 25, 26, 28, 29, 30, 31, 32, 40, 41, 42, 43, 44, 45, 46, 47, 48]
4730	[]
4731	[]
4732	[]
4733	[5, 6, 7, 8, 9, 10, 11, 13, 14, 15]
4734	[8, 9, 10, 11, 12, 13, 14, 15, 17, 18, 19, 25, 26, 27, 28, 29, 36, 37, 39, 40, 41, 42, 43, 44]
4735	[]
4736	[12, 13, 14, 15, 16, 18, 19, 20, 21]
4737	[]
4738	[]
4739	[]
4740	[]
4741	[]
4742	[]
4743	[4, 5, 6, 7, 9, 10, 11]
4744	[0, 1, 2, 4, 5, 6]
4745	[]
4746	[]
4747	[7, 8, 9, 10, 11, 12]
4748	[]
4749	[]
4750	[]
4751	[]
4752	[]
4753	[]
4754	[]
4755	[]
4756	[]
4757	[]
4758	[]
4759	[32, 34, 35, 36, 41, 42, 43, 30, 31]
4760	[]
4761	[0, 1, 2, 3, 4, 21, 22, 23, 24, 25, 26, 28, 29, 30, 31, 42, 43, 44, 45, 46, 47, 49, 50, 51]
4762	[]
4763	[]
4764	[]
4765	[]
4766	[]
4767	[]
4768	[]
4769	[]
4770	[]
4771	[]
4772	[0, 1, 2, 3]
4773	[6, 7, 8, 13, 14, 15]
4774	[]
4775	[12, 13, 14, 15, 31, 32, 33, 34, 50, 51, 52, 53, 54, 55, 56, 58, 59, 60, 61, 63, 64, 65, 66, 67, 72, 73, 74, 75, 76, 77, 78]
4776	[]
4777	[]
4778	[]
4779	[]
4780	[0, 1, 2, 3, 4, 6, 7, 8, 9, 10]
4781	[]
4782	[]
4783	[18, 19, 20, 21]
4784	[48, 45, 46, 47]
4785	[]
4786	[]
4787	[]
4788	[]
4789	[]
4790	[]
4791	[]
4792	[]
4793	[11, 12, 13, 14, 15, 16]
4794	[]
4795	[]
4796	[]
4797	[]
4798	[]
4799	[32, 33, 34, 35, 36, 37, 22, 23, 24, 25, 26, 27, 31]
4800	[]
4801	[]
4802	[]
4803	[]
4804	[]
4805	[]
4806	[]
4807	[34, 35, 36, 37, 38, 40, 41, 42, 43]
4808	[9, 10, 11, 12, 13, 15, 16, 17, 18, 19, 20, 21]
4809	[]
4810	[]
4811	[]
4812	[]
4813	[130, 131, 132, 133, 6, 7, 8, 9, 138, 139, 140, 13, 14, 15, 16, 141, 142, 10, 11, 134, 135, 136, 108, 109, 110, 111]
4814	[]
4815	[]
4816	[0, 1]
4817	[25, 26, 27, 28, 29]
4818	[]
4819	[4, 5, 6, 7, 8, 14, 15, 16, 17, 18, 20, 21, 22, 23, 25, 26, 27, 45, 46, 47]
4820	[]
4821	[]
4822	[]
4823	[]
4824	[]
4825	[]
4826	[5, 6, 7]
4827	[14, 15, 16, 17, 19, 20, 21, 22, 24, 25, 26, 27, 28, 29, 31, 32, 33, 34, 35]
4828	[]
4829	[]
4830	[19, 20, 21, 22]
4831	[0, 1, 2, 3, 4]
4832	[]
4833	[]
4834	[]
4835	[]
4836	[]
4837	[]
4838	[0, 1]
4839	[]
4840	[]
4841	[]
4842	[]
4843	[]
4844	[]
4845	[]
4846	[39]
4847	[]
4848	[43, 44, 46, 47, 48]
4849	[43, 44, 45, 46]
4850	[]
4851	[18, 19, 20, 21, 22, 24, 25, 26, 27, 29, 30, 31, 32, 33, 34, 35, 36, 38, 39, 40, 41, 51, 52, 53, 54, 55, 57, 58, 59, 60]
4852	[0, 1, 2, 3, 4, 6, 7, 8, 9, 10, 11]
4853	[]
4854	[0, 1, 2, 3, 4, 5, 6, 7, 8, 9, 10, 11, 12, 13, 14, 15, 16, 17, 18, 19, 20, 22, 23, 24, 25, 27, 28, 29, 30, 31, 32, 33, 34, 35, 37, 38, 39, 40, 41, 42, 43, 44]
4855	[]
4856	[]
4857	[]
4858	[]
4859	[]
4860	[32, 33, 34, 35, 36, 43, 44, 45, 46, 28, 29, 30, 31]
4861	[]
4862	[]
4863	[]
4864	[]
4865	[]
4866	[]
4867	[]
4868	[]
4869	[]
4870	[]
4871	[]
4872	[]
4873	[11, 12, 13, 14, 15]
4874	[13, 14, 15, 16, 17, 18, 19, 20, 21, 22]
4875	[]
4876	[]
4877	[]
4878	[]
4879	[14, 15, 16, 17, 18, 19, 21, 22, 24, 25, 26, 27, 29, 30, 31, 32, 34, 35, 36]
4880	[]
4881	[]
4882	[]
4883	[]
4884	[47, 48, 49, 50, 51]
4885	[]
4886	[]
4887	[]
4888	[]
4889	[]
4890	[92, 93]
4891	[]
4892	[]
4893	[]
4894	[]
4895	[]
4896	[]
4897	[]
4898	[]
4899	[]
4900	[32, 33, 34, 31]
4901	[]
4902	[20, 21, 23, 24, 25, 26]
4903	[]
4904	[0, 1, 2, 3, 4]
4905	[]
4906	[48, 49, 50]
4907	[]
4908	[]
4909	[]
4910	[]
4911	[]
4912	[]
4913	[]
4914	[]
4915	[]
4916	[4, 5, 6, 7, 8, 9]
4917	[33, 34, 35, 36, 44, 46, 47, 48, 49, 50, 52, 53, 54, 55, 56, 58, 59, 60, 61]
4918	[12, 13, 14]
4919	[]
4920	[]
4921	[]
4922	[3, 4, 5, 6, 7, 8]
4923	[]
4924	[]
4925	[]
4926	[25, 26, 27, 28]
4927	[55, 56, 57, 58, 59]
4928	[0, 1]
4929	[]
4930	[]
4931	[]
4932	[40, 39]
4933	[]
4934	[]
4935	[]
4936	[]
4937	[]
4938	[]
4939	[9, 10, 11, 12, 13, 14, 33, 34, 35, 36, 41, 42, 43, 50, 51, 52, 53, 54, 82, 83, 84]
4940	[]
4941	[]
4942	[]
4943	[32, 24, 25, 26, 27, 28, 29, 30, 31]
4944	[44, 45, 46, 47, 48, 49, 50, 51, 52, 59, 60, 61, 62, 63, 65, 66, 67, 68, 70, 71, 72, 73, 74, 75]
4945	[0, 1, 2, 3, 4]
4946	[]
4947	[]
4948	[]
4949	[]
4950	[0, 1, 2]
4951	[]
4952	[]
4953	[38, 39, 8, 40, 41, 42, 22, 23, 24, 25, 26]
4954	[]
4955	[29, 30]
4956	[3, 4, 5, 6]
4957	[33, 34, 35, 36, 37, 48, 49, 50, 51, 52, 53, 24, 25, 26, 27, 28]
4958	[51, 52, 53, 54]
4959	[]
4960	[]
4961	[0, 1, 2, 3, 4, 22, 23, 24, 25, 27, 28, 29, 30, 31]
4962	[]
4963	[3, 4, 5, 9, 10]
4964	[]
4965	[]
4966	[]
4967	[]
4968	[]
4969	[]
4970	[]
4971	[]
4972	[0, 1, 2, 3]
4973	[8, 9, 6, 7]
4974	[]
4975	[17, 18, 19, 20]
4976	[]
4977	[]
4978	[0, 1, 2, 3, 5, 6, 7, 8, 9, 10]
4979	[]
4980	[32, 33, 34, 35, 36, 11, 12, 13, 14, 15, 31]
4981	[]
4982	[]
4983	[]
4984	[]
4985	[0, 1, 3, 4, 5, 6, 7, 8]
4986	[]
4987	[]
4988	[]
4989	[8, 9, 10]
4990	[]
4991	[]
4992	[6, 7, 9, 10, 11, 81, 82, 83, 84, 85]
4993	[]
4994	[]
4995	[]
4996	[]
4997	[]
4998	[]
4999	[64, 65, 66, 67, 68, 69, 70, 63]